1000 1000
1005420466
1860336200
1962170210
969831726
1865701598
531046903
701270218
677569680
59172690
16946653
471825844
133013236
1501999983
1940335792
1492105081
1093806042
1774979001
1445373820
58540809
897846607
1545121866
1179328824
553680593
142210565
809475518
464036577
445440104
348810783
790790337
1427783353
1539880054
1660563373
37616404
1657704179
1302081918
1456328580
1090960956
935615375
734104514
1087083388
1084837610
1783169875
146066496
886417331
304212676
1348486370
1269044272
1399310854
689055084
96224764
1920530870
332509792
594262885
1148288376
231917307
443370709
1531672517
1312372904
1216827626
1792885454
1358203512
338941146
349716356
1169532255
876525870
1048432379
944652769
1543219893
390493410
310986692
797348011
1886181243
317487833
1016780411
375611731
580831292
645812621
3809169
1703130912
1715844560
1044428170
582300027
121941890
1775040537
1145755598
473079549
181736683
1119954178
44952679
1614008898
1130991475
1955017474
340240333
516638764
288854728
883687870
1622734811
156364492
44105907
1102613195
1734677100
1779874029
1327704642
1958288529
434280651
1809611160
1189749067
270140774
475804641
388410957
1919095850
1188088736
142197216
41432707
1076169872
157591740
773705350
785856412
1841484266
362383327
1510355231
1024057170
1819556634
650675329
1282163318
1258451097
1163541313
1747241231
1330167713
1887990480
774438094
797919688
112925901
1788388532
259522663
1302977543
180240755
558681933
479326459
760563368
1192461487
838910155
1319725522
1696338779
1600906070
1815154835
400564940
1228268696
615632072
596733547
619846895
1936124973
1709876737
353357152
1842174186
48263216
1627680231
1331452097
1423579552
1209540170
1688507070
1250085083
1958537235
913176223
1032212756
1036614422
167746586
305637592
1938854625
517318116
1451543809
672076768
21143957
1095144191
538101957
1472623669
1187974921
1746254321
607683100
687006292
1081033386
1054240247
437088020
636315597
1065734362
1136686887
1621322656
1180020519
908624038
968903195
741930767
597488980
1673415586
1395743431
374901666
530186389
294097718
1734616737
352052633
1326426007
806804405
504124613
78003634
198792046
941329507
55932473
1389195583
28339873
1240746058
1328501218
1083732830
183139022
214334229
1695151848
1038641870
494407417
24190498
528583232
1816383363
193687717
420345130
745253655
415360270
556559445
1031411449
232792081
522303150
946580190
1834768494
787493669
827985699
468574671
1285563808
1851896085
993516448
1364811898
1930005275
1491084937
1177717726
363537315
1490112840
1650889927
1262821709
409024965
1040460778
1984788497
160677733
1195041275
1926111173
705468828
605073179
933982098
1695244377
1442694952
1800464240
195271720
344590284
551889472
1467755237
1347787024
660536199
1590860774
433056564
349362910
595593327
493222457
748374352
1249475111
97473861
1769937050
1621334329
1033068119
62988090
299228336
476355291
1064961827
1507795096
1956020885
418994356
119202695
1153316147
651103584
1778978444
1593826903
1928107005
758052431
1165785699
545643140
1077465017
66741393
73668970
1787590894
1531113672
1688000430
222163751
1426465248
718019103
1641795220
13743291
671411245
1842236250
1860736319
1078197824
466656228
1730998761
1377370883
1491985484
31167154
1820431225
1460914067
128986069
239549197
950526980
1120771513
715866111
1064181220
1317215025
530152499
1009878405
1344938335
1154059859
1131463914
1489063132
1989684507
76015344
278322302
844600129
1748211374
125141153
386929606
1135165571
1593734340
515821599
254023220
1384130208
979166034
1397427932
1587421533
1517718790
1564651611
587238383
346003314
148670865
1470286944
1240703916
1877207146
1238762354
388337818
1284686421
369206223
1463992875
1330310867
774545392
1494129954
1443965622
585729249
133769012
1229040876
1287941317
483470784
1153079709
990591075
1115750949
216484427
109290143
541477301
1694401084
737975191
1643391991
1060545267
325839793
914368748
1165616412
681891229
1153672746
1387285345
1251381205
774899910
564304147
957170660
729659364
1642724656
890046977
1771764704
1256870966
1968775067
835080327
579984672
627200722
874875692
639172469
963890387
1122285516
681575469
1590795002
16259459
1220687893
544241084
1706752241
580044637
450819545
309876346
752854360
1696020537
1838113862
289325892
1996573937
1650054307
654443575
940332498
1811917171
1214620860
319678411
1897324909
1934137527
250047267
755432026
881521635
1091101383
1411569328
115799573
1610912411
1829847438
1632096633
1271992538
959647583
1136574768
767389194
836263784
863624189
606557182
1224687809
1883727902
1729276369
1932687958
597759293
498061686
62582971
1119402121
1875097493
1927342034
1328457284
742838545
1630870740
486311986
1497402652
1352939005
508652231
1355011756
632154637
1039030660
1359445668
141266596
1111970315
1168160087
1517270771
66074474
325885740
233616655
787821081
1745731841
958987080
573085126
687876994
1328868091
376879657
1209057642
937228159
1924423023
1943906122
899943753
1538673773
508541955
1701344669
347216089
1135264920
1690429238
904114936
1253169605
1600295730
247859061
1613298901
444136943
139508550
1239354027
1751894836
1312308574
1902353971
317664963
499858756
117804664
56717222
194478566
1958823468
1963201961
1545021746
436719955
569624353
877277957
785521817
519555809
480319175
1833318630
886348325
743440753
1415231555
34199614
166631901
561657803
492138024
1087278661
935032016
1700380963
968302036
456501505
1878140861
1218006634
1335634867
1802678766
942037932
457858407
1001005169
1060085695
656198582
832512739
1871188177
410498824
1006168659
271675324
1555628859
232833236
1102769509
1415703345
1622107565
399332001
233787480
1638839889
692931395
1401860763
1588386681
1992893078
1439814329
1138281632
14567962
56384036
1580125582
1849427244
704851256
6137232
1975316764
1721754920
1718617277
501797119
1869645710
437979811
1902124897
406212581
503165395
1519698804
1548273890
1400909289
1071476912
123653825
369019493
523210251
709990793
552660918
1636546603
571069382
1711949500
958431374
340775198
1564609568
1940531217
1550376766
741606991
1767824356
936187001
1798749390
787438684
585220764
1331746452
519008703
676554482
458580144
854364525
1309713402
483714609
749952834
1630647236
1769327484
111319002
112566592
1320700819
236328938
472299760
1480381641
1272204655
163258608
528937845
324317192
1244408397
122592799
706821435
1739685323
1658826353
565871867
1179564035
1904090790
886871406
635624905
1236745195
418088587
20444019
178307946
1230487630
1373926768
583197175
413770255
194418185
1025712798
41315520
956976435
283699598
1561254021
329629522
91141052
1322194538
1419718273
1697875760
1271130811
1879386570
1315667906
108912706
1423289773
828693693
1873390216
1111289254
1418828983
601370972
1569994052
758962691
1772908525
175620040
1664160457
35149565
403618396
1480299753
463988152
839105329
83981968
1935853195
612476663
555401209
1552579793
1059163005
1135838724
598320067
1415573662
1099016164
410904388
892673797
1947059290
1693910332
1857271164
1914469821
958698755
1285263341
994580569
1552910243
1429946396
1339888774
932168233
524452079
864073133
840529560
84158124
1348808128
265370417
145362181
1787191856
1855839693
1667105012
547491531
769411313
1545797840
1176117202
117487165
327297699
264173589
1648380519
66391442
138354614
1337582261
287156979
1369411949
1777710839
1200094458
639538675
719886447
278084281
1768262747
54813159
433446561
11872499
496887667
1086594468
1093386253
80185788
1882662987
1597398764
1323385633
1202371255
1321960668
261000325
1383331440
823556574
1366425584
1808254788
711342467
955604862
516072885
1221521547
729290233
680988325
1835667673
630304350
1484407633
1361995075
705257518
1134712130
394637105
1572802113
1553163149
920511266
1007925740
1588414901
1534759319
1136798225
1661364491
1114491311
148564219
1803054901
1158142041
244461224
1351716522
255788063
108348819
1242977761
10743578
410185548
79207359
1655409332
204171831
454318792
1713126149
1140823015
393743085
778383601
1400455383
95400760
1232748362
283069788
1350628091
1367132713
19627935
351858585
289492707
1167069202
1354102532
1000539203
897166740
1413376176
759308072
649075581
1440060858
57147857
386637239
836852949
1015800216
465786325
1604029884
983158638
1407832008
471281995
143237509
1612527794
150488592
1975970353
149264650
1351113851
654766383
1770024409
728110823
852761549
82830348
1817715505
1024955186
1347616825
1782643401
1387060446
501768501
1052160119
1677133917
546305085
1116367386
1662913102
871213107
312454018
312385035
292077906
282774756
488355227
1239888360
1189701291
1459755822
1491989379
340593590
1103555326
1976115416
489807353
1751703294
1739198112
1055037499
301750033
951127716
1910922411
1667102548
359221105
656710610
760478590
251775748
158987021
28839606
692806012
923221723
641174228
324867679
1323511990
136711998
1220535033
606566733
1347317479
161903568
1212625068
1519406803
647996485
1477313270
24785092
299107286
1956599528
414061854
1004640019
1437722267
1260409550
1745893784
1677962048
54040625
1202270201
1509875470
1927913650
413657726
1649727667
1536543137
1697987496
613307620
753267186
883265698
1760195942
675334543
900016086
485424618
844755338
682513758
719355982
1726925015
1767126653
385717355
1254082275
488291077
1593353529
1067535330
511900406
1017963641
1291629161
1267799000
1301341449
1601067897
1770889164
1908650100
227611589
1128491817
1643119977
1077679149
557571532
455433806
1911715064
1108711435
1140795704
1734464837
260333731
1901781515
982535113
799248502
1206615249
1343240545
612519400
698864938
1523977363
1460443974
658444851
953116074
244577695
1278393930
1291295558
1438424879
791935490
1179166261
635690609
6136952
794660684
650855541
1688944393
927462597
1579483403
1158113446
953683637
1703975728
1475547527
967534285
816021352
1312032765
112819070
1767747908
1494575106
94262675
828959901
1444079423
1139831061
642294552
1414460682
451019258
1884621764
1547910824
1716657694
722856577
873051336
654702897
1660123696
765878811
1188797933
1591746444
649512788
805254520
559097725
30548099
1205330342
595021132
636546207
463975068
909278659
53178018
1669570188
487610088
1175667842
1545138581
178557681
1763374451
170710627
252721793
547910535
829226455
1089197505
693553632
35241706
201927059
874981459
1103272306
1158825879
1220633310
1931235522
1125728970
777834171
1905154714
353043049
329408256
977290805
519539864
1585708560
856175502
932900184
1092987108
284090189
865545783
992950741
947646141
370338601
1713609545
24765521
1739882740
