1000 10
491
746
608
345
532
919
155
390
445
365
131
294
527
35
180
943
910
884
791
826
550
443
425
309
253
31
583
960
764
673
423
360
696
538
726
15
223
226
434
509
377
435
19
184
885
500
59
814
324
345
102
307
686
224
432
742
656
406
322
262
519
920
305
514
676
118
115
581
715
609
102
656
569
814
223
514
497
306
188
443
883
893
695
374
115
979
271
460
385
77
532
141
218
223
359
586
931
426
164
806
325
89
933
403
593
921
636
680
416
466
724
312
576
986
316
966
319
481
594
252
853
135
968
899
298
649
54
925
177
2
340
454
752
510
865
353
549
610
781
551
446
967
127
146
77
254
396
847
670
717
597
546
631
127
923
716
603
482
802
535
42
978
239
922
793
595
199
927
897
148
846
906
575
62
841
333
360
931
256
894
142
620
435
226
827
43
472
250
560
679
374
596
275
902
842
301
924
733
923
58
434
418
964
469
526
866
261
532
483
527
974
838
673
953
98
15
349
902
292
251
942
476
408
615
231
218
896
835
436
903
113
83
403
122
842
677
288
856
113
421
580
389
642
443
187
33
20
750
273
891
866
66
369
284
875
93
802
858
862
160
22
461
933
433
527
431
941
557
649
548
592
898
22
552
87
250
786
88
991
811
452
592
78
700
509
796
122
690
104
618
815
657
38
773
595
38
996
813
352
65
692
257
509
320
541
382
297
230
360
673
909
146
872
208
789
292
741
487
163
18
493
647
783
89
327
568
327
239
718
903
111
701
22
563
318
139
422
842
541
347
201
208
132
47
667
183
202
270
277
106
416
9
437
643
987
556
22
877
301
536
359
139
383
174
58
39
429
678
51
375
302
397
683
738
670
333
352
65
809
94
563
80
534
18
269
835
750
199
198
141
401
309
180
252
75
807
413
977
823
206
194
955
968
753
168
347
568
769
531
274
719
913
312
854
314
210
312
483
781
140
269
671
878
90
482
470
696
828
635
196
488
199
30
977
816
666
812
446
542
759
888
654
192
754
483
439
814
677
650
512
11
89
821
813
329
674
716
173
737
754
327
796
204
309
394
605
801
436
428
239
964
755
475
577
223
909
286
304
623
487
399
668
509
514
546
107
319
858
750
605
667
467
399
287
215
60
253
35
760
475
756
188
717
704
345
591
448
462
542
716
329
708
731
813
358
305
321
518
970
774
36
506
856
933
628
302
837
247
128
22
360
68
632
110
383
563
589
564
263
938
503
480
431
471
810
621
146
76
910
865
799
257
802
392
879
660
365
167
10
939
544
220
758
210
915
827
533
384
906
20
281
740
236
480
575
717
665
881
238
999
341
1
922
409
980
587
217
387
244
470
378
900
186
536
949
538
538
255
298
43
638
83
338
544
130
263
108
866
322
558
133
756
201
946
207
832
327
183
221
581
926
462
72
374
177
950
345
54
624
334
868
968
381
741
557
59
85
377
961
466
51
926
779
561
735
639
42
419
462
584
652
217
22
604
562
165
968
354
879
596
307
650
733
266
305
590
134
568
104
211
620
48
47
55
621
281
378
780
399
574
453
682
596
944
281
172
722
796
293
440
386
151
317
602
274
910
415
490
473
139
408
713
351
921
114
187
727
816
504
583
978
516
376
970
496
144
907
288
213
728
596
372
926
436
642
360
855
208
268
589
283
840
240
190
823
393
776
528
339
643
786
481
366
26
771
874
605
596
895
559
911
765
895
507
512
342
295
264
144
148
219
836
952
44
69
527
984
580
158
633
584
69
79
0
913
380
314
439
30
152
210
659
333
943
764
135
348
457
32
671
945
509
728
281
843
850
259
367
494
941
886
681
183
842
17
56
853
374
90
989
320
89
160
640
777
241
973
741
661
273
720
280
310
312
7
689
800
950
542
643
845
402
454
46
22
822
133
396
631
724
541
505
110
514
20
715
631
256
680
113
399
483
181
624
811
681
668
233
868
853
369
902
145
845
153
51
441
414
646
961
404
425
97
965
196
47
971
8
805
936
24
839
278
889
208
331
740
340
251
731
810
417
657
333
350
307
99
548
666
709
521
26
326
267
697
591
487
612
409
122
390
613
337
492
879
594
128
380
876
933
385
204
958
417
465
883
640
671
776
980
208
575
626
788
210
228
233
641
970
502
977
621
678
115
767
602
502
607
583
823
369
863
545
41
749
38
606
189
354
935
261
561
564
681
141
98
188
864
894
392
858
792
144
454
112
525
623
974
126
870
394
218
237
15
446
940
530
6
652
838
722
213
372
46
548
702
901
513
928
821
