100
16632 9999
-23215 49127
4876 76768
89129 26239
-56572 -31102
11813 2923
98287 80801
24279 42444
-14469 -1174
-50782 50178
-60788 -71114
77823 -9175
88060 48566
-21255 78971
-36778 29478
-41602 -10527
-62640 -43698
-89675 -22227
-66763 -54684
-88562 37019
-6044 -90313
-33376 68410
-27139 -98270
88289 -20349
53330 57586
75891 -86741
17234 70706
40774 -12254
32176 85960
61066 56310
-1977 -89842
-36983 13950
-89500 -77661
-34438 41985
70475 -53495
9207 -59786
-12613 12199
-43778 -70475
62262 -90587
-82036 86330
60277 99093
-74359 5636
53586 -54861
72239 -33347
15528 22579
45597 -52723
-15750 -44873
-61004 -16203
46670 52673
57909 -49479
36167 -53696
9175 6824
-51621 35676
25871 -94966
14484 11249
25483 22763
67996 74736
96033 -1071
84517 57380
60363 65360
-49900 98909
-73544 -52104
908 -38071
55964 -67740
-26797 72424
-17146 -90411
-48497 67442
-49838 13973
-10082 18816
-42744 -82090
19268 67204
52168 -95721
97095 -77166
-20720 9513
-40906 40066
-720 89289
92309 92548
-99579 37257
-80153 -38721
-94084 86449
79712 -6389
31831 42060
-71606 15894
-28741 -99447
24573 -17940
-90990 -34300
124 42453
-53908 -17105
-53260 -77823
-49199 -21927
82649 -53550
73165 33136
-26857 -6435
-82721 -41046
67021 12905
-5875 -71361
12900 -29193
-61802 -74343
-64628 -89892
75884 -18800
