1000
-16816 44897
-67216 -93581
9823 20290
3419 -49687
29542 90931
-65747 53192
-96690 -89858
-35863 -89287
-62510 -48381
-26224 60958
-76761 -25154
-94166 30016
-77192 41575
57440 90121
-40115 -21981
-13836 -62952
-9091 67582
76230 77819
-75207 -80234
-6752 38870
-98750 87763
-15750 88775
97803 25858
27876 68897
-2675 -56213
-20495 19125
-67209 19781
-15154 -91663
39062 2767
83611 68247
62850 13297
90427 -48477
4766 97204
-37718 -64273
-66089 -13683
85920 -82276
58371 34906
59708 -64525
90596 -82941
32213 -3051
-86302 88543
-7204 -83902
98513 67039
-95743 71127
-17264 67892
-61243 22025
-63846 25000
76019 -12047
97335 -67273
-15992 -99402
-36425 -7851
34985 -88992
-42133 -38219
60754 -2116
60073 -50629
-82259 22003
70554 -13339
54549 74306
-79499 74329
-46991 37727
92947 -8845
52990 -33982
-52440 -36106
81569 -66630
58886 -28245
-61861 57869
33050 31614
-66627 21549
-46443 -18213
58231 36732
-93716 6372
-88946 -66635
50151 16754
51470 49492
70451 -98288
-32549 -76994
79717 46281
-92349 72420
39158 -31033
63448 93972
-19789 27383
38998 -11682
-88769 -40129
88952 -61060
-46712 -67001
20749 38713
-83903 16277
31442 -13426
-19900 19625
15867 30805
12423 -67924
-37082 57173
-95697 -84867
78152 86769
23962 -39048
82390 84590
18339 64258
-43480 -21099
67374 22735
-77867 -9721
27801 12530
-3796 37452
-19037 28737
-93092 -36561
-85162 21076
-7681 -80468
53099 -67358
-18452 -51866
-35536 81824
-15986 96098
-18281 -97817
14977 92335
-49392 36158
-79627 -48161
-40244 -47459
19200 57365
-2508 -74413
-96996 99893
35872 25466
-23790 -24435
-91776 14712
71930 -97114
68632 62858
-68510 -14303
-17290 -91614
-85564 85549
-61279 -73965
-91440 25617
97553 3868
-13157 44804
8364 55069
-96318 62296
-98125 34954
22040 27512
-70363 -18345
12262 38997
5614 -91552
87874 67006
-69748 12091
-76298 -12250
4668 34676
69128 -48630
-61895 33651
18644 -28544
-82973 -22613
-97660 -67997
-61377 31405
67201 -46846
11029 -90366
-98990 -66323
-59183 3978
-43940 -98945
-3876 -24562
-20066 -69728
-61839 -58447
-4636 -14539
-19834 99092
-59864 73688
85940 52312
24191 -31776
-83690 -49417
10485 52250
-20686 -19742
374 74209
-58753 34719
-44023 -79382
11081 90024
-53068 -99311
-21385 68073
55246 62666
-46284 -11629
-66705 75473
82022 16878
51837 -60470
-8732 93513
-32787 58717
-14557 32785
-82633 90233
93492 3810
21740 -84135
75063 5725
89024 3441
85576 -25254
74380 -9859
52160 -60554
-4928 -82133
97066 61524
-85493 27938
-82712 35011
70227 62436
28421 -39156
-17060 -52267
-32495 -2741
35175 78295
72657 -43301
-92803 74805
-53667 39380
87603 47991
-654 29853
89897 7276
42497 -38304
-12630 -48178
-1559 -50654
61651 23918
18277 -10572
72945 -41519
33583 59303
-12556 14219
-77215 41291
-64064 -11684
39570 96085
17483 -4540
-67751 20267
71534 -42315
73921 -33484
-71409 -12566
45114 -37050
-80061 -33276
73474 -68882
49292 -81842
35608 -88744
-39983 -16771
-16246 48716
-58778 -12971
-48064 -26617
25205 58055
-6083 1580
67705 46412
44212 91909
-80428 78174
-22188 3965
49997 -48239
-39164 -14490
13366 -29368
39364 -79281
40745 91667
91998 -82223
52708 28314
36067 -65746
-88294 -16467
-20956 -15496
-94251 537
41310 -29464
93517 -56467
-4756 -26473
22512 81564
-88455 71118
40346 -68357
-38742 -91744
-77608 98243
-64651 70589
47665 -68783
32638 33538
66056 -23861
48872 -60610
-89656 9958
80202 36039
-871 93308
-1784 -50541
10450 90300
-8007 -30167
75388 -34163
-1793 59180
80121 -79120
-22569 21065
-32944 27810
-88139 -86537
-51817 8455
36838 74532
67899 -92228
4479 17378
-5340 -44147
-36818 -87447
-98639 -24494
-28011 47038
33426 -88202
-2194 -67908
6249 65516
95201 -18172
33009 73457
53416 45176
98708 -72193
72334 -17467
-1903 66739
-12145 90674
-43531 23683
-18440 2678
-14180 74615
75172 19534
-97346 -14346
57819 4615
48891 30393
87638 -44743
-69996 79768
7213 -17333
13253 -44990
-58478 94442
-45645 59302
18669 -33147
-16482 80648
14455 -65379
87650 -18686
-9432 -90258
30238 95128
46271 31634
90343 -24334
-20827 -52645
-84363 -51199
96285 -31686
-59831 17077
-47471 18328
-40474 -94813
-22580 -98541
-17839 -12882
-51678 26518
-44055 8319
-63985 -77994
71198 23197
16964 -32424
-60176 77895
25018 -65124
-66503 75578
-7677 -62413
75836 94167
78804 -94447
63017 -49645
-73317 66441
28119 96126
75095 82462
-96106 -10891
27581 -56880
46805 -80247
-24311 -17976
-60350 -42833
-23844 -7560
31836 28709
-71510 -37727
92058 -82348
-15169 -16053
12863 -60168
-74378 -12006
8314 -57232
63500 -94410
-18365 -30426
-6114 75071
48102 34502
-36319 50715
-49687 -18102
-11930 -86257
-111 -89702
97936 18668
18010 -13637
-26283 -65692
-78136 64410
74382 10466
11295 -8853
-30402 64061
-36514 -60413
34806 4036
-43748 -29901
-99611 70076
63281 1084
44338 97334
-34973 -22226
-88041 10159
29582 -28913
84058 2565
-58104 6953
69984 -78050
69051 29192
83725 17225
-4809 83419
-36224 -43046
-35097 -381
-12771 -89274
47092 84034
57491 -70210
-90091 -72141
55387 -83075
42025 -23617
69280 44090
52450 -35777
80884 -59793
7089 67033
22165 56532
-30398 12855
34985 27059
-13627 -16836
-25115 79861
-62692 -12616
32431 65407
90545 -98767
63067 45548
13596 54268
-7345 -85964
51566 53058
-20075 -7332
59912 -60366
64774 -69032
-97465 -76431
49864 -2131
77454 30696
41124 -65763
-50951 -69569
43416 26744
52974 75526
79617 -45359
43951 -96128
53545 51217
1155 -64664
26611 52821
-25623 8128
-95034 16543
-67070 -57684
67147 -53261
18389 -56084
77325 -86262
37519 -65438
87953 -40152
-39891 28830
-3502 -16836
-89148 65911
-38939 76039
73441 -74717
48716 56039
-13911 -86443
29812 67199
-3043 97043
-76509 -30675
25730 -75420
-98694 -93268
-36716 -3324
-91646 9057
98200 65878
17121 9389
-84081 -6304
-8892 72325
38837 -56553
41968 8466
-52933 -71074
43102 -92354
-6400 -88892
60649 4832
14104 -89874
16780 40475
-88930 18627
34117 -64472
27523 -10234
-80121 14175
57557 52003
77838 -92437
8162 -60674
40119 92393
22449 57486
-71639 -46490
-44925 15025
-77742 -3196
-18523 93660
13131 -47825
36027 3522
94953 88074
-50903 76646
-1681 -2708
59578 -44421
-55198 -50930
-76433 -72207
50909 -4937
-48913 35538
-516 -45727
-29011 68255
82382 56617
81764 -36730
-14600 -3955
-3632 -62687
54051 33863
76634 67704
78147 -45966
57050 89764
58465 31515
41007 -57173
-67186 -33130
12684 79291
-70057 -72719
64115 27195
-54284 45938
-5825 -41142
81186 67771
21139 -61665
-93691 85827
-8755 -97727
-99077 22264
1527 10938
-27565 -44137
-50355 -3126
38012 -38677
77073 67968
13265 -71839
35441 15512
-56067 -97527
-66673 -41882
31929 69173
91597 -91888
-60313 17776
86517 -89624
32895 18715
83454 72638
-59730 38734
-58096 10549
65342 -98254
6855 74079
77636 -32759
89183 84392
68865 26207
45592 53024
-67670 -94373
94402 -96164
52499 -66874
-29657 -68251
30667 -6585
-28750 54659
-30655 -60731
63978 -80703
-22131 -95566
27698 74531
86257 -75109
50169 -57813
-4382 -40753
-19518 -35312
79990 -92795
-60754 13480
72183 -66508
78045 27268
24312 79617
-79861 -92857
-31610 -89846
79882 -28073
30495 52195
4734 38366
3262 69885
6522 64431
98509 71061
66767 -92562
-44543 52215
8217 -6748
52644 -94345
-48241 23462
-45832 57770
82475 -64147
-38777 -63290
-5016 -1749
84295 20554
6140 76103
-54991 -21758
11692 43422
54513 42115
61425 -89896
682 -25185
14971 -98878
-33275 70606
-28190 72097
-28600 26886
-45502 -37265
58395 -43580
-82242 72724
69719 -31120
-22857 -33448
-25099 -91730
80136 -22046
-35080 90664
62429 77215
-59477 64794
38739 -89472
-55770 -58346
-77221 79352
-57201 81353
69128 -9384
64900 22886
-73149 -42592
-33945 -56595
-82293 88589
-39517 38967
73703 -14368
-35028 -5127
35203 -7588
-5321 -62983
36201 -23940
-91823 -5405
31574 6605
88147 -56030
-81495 16740
-66360 -61594
29925 88366
-248 86526
1652 52014
81418 22727
-88102 -78486
72956 73839
16731 1555
91091 -46894
45556 49356
6451 30367
-15327 -94219
-54849 -6933
-17561 -29696
91311 20246
-30739 -77915
-75100 967
54948 -77923
-90959 85336
85879 -21554
93221 83188
10993 71951
-74882 14687
3104 -65663
77863 -69982
15513 35040
-1587 -30852
-89712 3273
53732 24143
43215 -93315
4087 -68653
60702 -38828
-46535 89812
96614 -28012
-81109 -5346
-7486 -94246
-32774 -32891
56135 23263
-80627 12721
80663 30464
89962 -51899
-7560 61292
-95267 34221
23671 55752
-9321 -48326
-31656 -15103
-57879 79194
74359 61873
-77515 -50179
18485 -64695
18072 -68884
-84554 -16791
37504 9758
-32187 -68697
13012 -12975
-16100 -58990
43480 -87250
-83278 -44015
38906 99410
-43561 19244
-33860 -59138
81309 67216
-73691 -92384
63633 -11968
-7250 94262
777 69552
94235 45357
-87609 58846
-67346 -90769
-76212 -5026
-33592 -7632
-57261 -96347
67774 -72666
41417 -70629
62472 18373
-77033 -76925
93382 99241
69165 -22790
-50194 -51771
-43101 29888
46125 79780
38553 18750
86247 14347
-53226 98123
-99642 -42125
-76669 29675
75621 61464
-47165 73772
98122 77655
99442 98975
-33801 34262
25560 74377
71295 -22298
76170 94994
76192 35181
9040 84425
52331 -6101
48849 -13373
53815 23989
-82594 -46574
80559 43293
-70988 4596
-4958 -6709
-52547 -68083
46406 95392
-20913 -27849
-51213 -42076
-36312 -88137
-45780 64175
47455 8545
38177 -48220
-78069 -34823
48835 -61095
77343 -18279
-87385 66207
-80043 -25868
60249 46015
-81585 22905
5249 -79037
-20665 -21997
-69752 44252
-51413 80799
-43907 -63112
35638 -5594
-69789 36985
-67594 89639
76534 8860
15248 28779
21362 63835
55760 -43864
15947 65731
-80698 80198
75435 -95045
11901 2771
-60491 40783
6613 -66743
-15160 -30549
-21704 93925
-96808 -58869
-90917 11946
3267 -17063
-48490 -24371
33800 -69682
-2402 -48612
-69233 -10364
-98458 41414
-34797 -76802
62055 -35483
24949 -31611
-94636 -48862
24987 -67134
-45103 -10572
-69628 99149
4798 7082
-69436 21323
25586 -19769
54752 -56187
52868 -66990
14220 43673
-53603 45116
7356 -39487
-27997 49872
39240 65198
68054 -38358
7396 -86221
-31025 34802
-64233 57944
86959 -29599
-71961 62082
-54744 34651
25519 90515
-79176 9444
64049 21311
86662 -78611
-29670 29044
50296 81276
-78008 -39753
43781 -35527
60862 5025
50187 -34827
-68905 -56844
99686 -83215
-47653 90783
-55536 96807
-43146 -17533
-95029 52138
-1584 11746
-80403 16841
-60311 62559
85822 -82072
78536 46664
91311 78351
-36518 -12302
12810 75519
-85838 22485
9538 23014
-88106 80083
3555 -17637
90828 -95962
-42904 73265
-23153 89854
64534 87862
24072 98158
-17140 10245
-59350 -73060
-75216 98303
19202 32259
-13363 -15570
-48156 -78666
53302 64648
-22027 -31056
82645 34368
72929 -18043
40243 18332
-91810 37233
26012 -64350
5462 -87444
41080 88681
82129 -96551
-45721 -34676
-95162 -97436
34868 87221
-2299 11235
-96189 -20366
-6554 -80876
-69482 69494
-49264 -7552
-4708 -92098
-92791 -69834
-85067 -57885
-42086 64527
2054 3416
928 89133
-7160 6645
91179 -2045
2300 -51605
67055 -12022
59810 -24592
34076 95423
-63334 -38306
-21854 -39392
-75114 89066
6715 56517
84914 -86986
17264 33177
81472 51963
88516 -87836
-92591 -59690
509 -68549
-13707 8567
-81606 -2834
-11545 95490
16823 82123
-97561 62757
32637 -80117
-26174 -88215
93499 53239
63969 97306
39640 12988
96701 44410
-95781 -20175
89381 -41999
16483 50337
-40121 54891
-19432 19499
74898 2624
9129 28098
-56701 80979
72152 -70604
-27758 24592
54078 -77844
-19623 -2620
-40649 69686
58463 -64723
-51805 -89897
670 87521
-65250 41883
4348 38569
7785 -69546
-20994 66485
22244 -52452
-17811 -86863
-55015 71202
2656 -34599
9939 82989
-74847 10244
-59255 -27891
90331 82062
99447 -8000
98650 46797
91874 -75398
6695 -29535
-81171 87377
-32127 67245
-76250 4729
-26806 41698
50389 5756
-97653 6530
39967 -32761
-47605 -11852
-32970 -6938
25337 -34795
84950 90425
46775 62641
51552 22285
39121 -84216
-68196 32209
74611 -2358
40852 -88277
94307 -42393
3328 35410
-58350 -94790
9794 -16545
59854 34988
-30239 -16200
-57905 32207
-60395 10501
-20233 -1188
-736 -58511
-14485 -71597
-59398 5231
-84307 1464
65607 -42590
9893 -81821
31145 4705
65677 28243
-27069 94787
84820 31620
-48589 20127
55411 1495
-69429 -88214
-7120 -32249
-19810 -93086
76179 21303
-47558 -24201
98377 -638
26208 65904
-82995 98096
19716 40186
-60398 -47617
73561 41674
-96157 65055
18123 13851
-40725 -55183
25681 48146
-52599 79137
-13922 84019
97832 -71185
-87649 47942
-78726 58693
-18770 88590
65737 -44654
6328 -33685
-97965 7027
77782 86723
-88097 11225
-19476 3027
27933 -11104
-92057 27825
49628 66338
47638 31362
95621 4295
-71603 -80760
-86716 42188
68071 88189
85745 71774
18911 -19091
71153 84970
75937 48497
-41274 -48193
11816 52247
-32966 38957
36243 36176
-1388 83050
-43914 8935
-79128 -15475
98313 -45064
-88945 49868
92968 -38559
-73052 -12912
-46969 -40154
38956 89592
-99023 -59872
92313 99615
31874 42962
12958 -40554
-30902 -2180
-45479 95390
-35673 -43337
68052 -7779
20627 -69767
-13898 -40865
67317 1219
73460 -36025
-30147 -78716
92002 14496
21548 71638
98776 -48030
-86709 -22558
37980 -3886
43862 -1003
-48825 13123
95976 61426
-84573 492
-99586 -84335
-14459 36304
-6611 34726
66461 -77203
73744 -20180
-77725 -243
