1001
87742 35301
57704 -75081
-73274 -63809
3204 -40363
91480 -36658
44859 89915
-64176 36777
97669 8057
81678 -18887
-91562 -73155
-92865 -98234
11639 -340
-46432 23185
-77048 83222
62470 70428
55398 -12813
55555 94957
40475 80773
-11894 44585
-66352 -84407
-91408 -86029
92915 74608
-98017 76452
-92995 -33941
-97540 13183
-34831 8255
63429 -2158
-24492 85975
-76338 -41956
71350 3541
-86762 19981
-2833 -78949
7943 -42328
-65640 -59133
96301 -83105
-80049 -62908
-52535 92845
-81748 93163
-91149 37030
-2324 -22884
16180 56893
80761 -50714
5259 -52857
23758 -42288
19448 54500
57111 -69938
73234 30107
-97646 -11389
16804 71863
-33336 44311
42091 66137
-30242 85565
-6768 -71924
-39210 70583
-20410 -17655
77124 -13369
60367 -5766
87360 -43655
39219 -52119
15792 -39200
33913 76648
21419 -58199
-40216 89888
-36142 17358
90491 29640
-23642 -63013
-29634 53365
35024 50042
-12866 95196
56053 -22818
86353 53174
78122 -62897
77375 -29521
-30305 -21000
42746 46009
49391 -31077
-43929 -94136
-89603 65443
-55282 -72043
25781 3344
64218 43431
80092 49949
-94014 40137
-83735 -92998
59210 -62682
69210 44022
-8173 -61391
-25554 80739
98526 -15684
-35575 89304
20193 84857
74611 -55519
80248 -92565
80915 -35499
42967 69580
5323 -40823
-30585 -47291
12964 -57079
73082 -71828
-68884 -62762
-45787 -37307
19790 5427
76799 -94632
77095 -82538
31417 -70342
66917 60402
63532 36476
83150 79360
68820 35611
69700 98550
59221 51764
-35966 89629
31994 10032
-25393 -60882
25644 -68475
-92344 70353
-46801 -72814
35091 -42500
-34933 -30816
-32318 74879
-69661 63453
33083 13309
-97338 44921
-4355 32939
-30442 33604
-25899 -62529
-41529 -67435
-21984 2449
98658 30160
73433 -33234
30761 37977
-8183 -109
-77999 96564
7203 36345
-98616 25650
14293 -365
-32071 94820
68211 95768
-81320 50725
86966 87073
-85613 41668
69559 92040
57424 70185
11881 -79367
49169 -67359
-41159 34906
-4250 -99085
-55882 -7639
-28365 -66809
-8693 -93902
-62282 59300
31554 43907
-80690 74465
69542 -36349
-35646 -17752
-16231 -52067
43194 86359
-47621 89093
68418 -223
42467 -48185
-15318 -13431
87175 68742
-33191 79386
-96115 -32987
50702 -24151
24132 85488
-40583 80868
49355 -44913
-89887 -74349
72729 82959
-99357 -51770
56279 -33079
48872 -89093
91712 9390
48536 -44975
23943 71857
-9276 -60509
21415 51148
72125 62811
-22902 -60076
70580 2528
12949 88504
58115 -1720
88516 62325
-62996 97292
78979 42766
27048 59508
-48828 -63548
30289 20253
-80130 -44099
87674 -5506
18477 -4324
51906 52274
-5237 -80075
-40548 98206
-17038 -52698
48553 32805
-87621 -1886
35281 67774
8805 -49408
-77609 -70614
-27614 51244
-23954 81176
-55191 31216
88319 -15037
-79142 -48129
42941 -78804
-47751 -23915
84051 -82728
-63403 -94159
-96484 68590
2872 -61202
14329 31676
94213 94242
47129 53057
1171 62514
-88552 69277
-66490 58287
-77892 67233
-80370 70730
7464 63547
-68394 74489
77347 -68910
4360 27356
-19445 36293
14063 18008
31177 2964
-52925 -46199
26514 -66413
-63086 44369
86962 -49434
84086 -64739
83791 -41657
-59578 73663
87686 -6038
-46023 -83182
97641 -34133
-1624 -60032
36983 28383
-38550 -16761
-72685 -33144
13687 -89164
-61006 83162
-68663 8483
22202 79708
-68227 88520
30318 -24739
83768 -43103
79461 96344
90697 19003
90667 30697
39670 86592
-17685 -2755
20366 -34691
-95412 -92894
16817 98130
72137 53675
17053 20105
36879 73250
96267 -99371
-72995 31939
-48539 -92023
-37812 -34543
-13501 22380
-17901 -58522
-39493 40638
37685 42446
-7429 -3382
27186 27094
28521 41748
-37204 66028
3895 15095
-37110 -66358
-83617 76643
58208 -36338
20018 -93790
-99923 90068
-8003 -41272
-20764 31692
24404 -83143
-89255 97985
83210 63110
46598 76178
-39555 -70310
-38897 -79566
92918 -90216
-55271 -45482
37832 -39023
-71957 36365
45086 -71454
-50926 9855
64172 -81564
21459 -45703
40561 47616
-49552 -66158
-82618 95493
-97310 11663
31003 -35190
82817 40785
68496 -13288
73197 86692
15539 37773
-29257 10233
61480 45558
-47765 -68980
-69315 42871
86606 -4143
67782 890
-66187 64774
-58350 -7699
-64383 12828
79241 -72739
-96948 97425
-92906 33065
23515 -26978
-21841 -12742
67868 -41626
-44651 -37619
94316 -73601
47692 -88774
-7184 95002
-4619 -80572
-96843 -25489
-91113 6832
43881 -69887
-69004 -81957
-866 -23805
-48906 -39632
-92549 -11722
34721 -26682
3139 -71586
-77957 79212
52860 43426
75002 28231
-59492 5400
6573 -92587
-82919 -69576
99485 -59386
-82553 59812
-75896 28540
88537 261
89184 -6598
-57975 -39884
88124 -8328
-92720 94980
-45070 6038
-8322 -25627
8086 -35599
72959 16168
-33433 -40270
-492 -19345
-33676 -61520
23539 -76418
-99038 -31291
-23290 -89521
-57079 -52362
-35827 -93820
-15219 -97123
-60771 28640
37187 -7256
55302 -16671
20951 -54473
-49530 -99465
15735 42707
22337 35083
-32345 1279
-6755 64374
-70968 7881
-66063 50704
69863 -81558
-40847 19414
-85038 96800
52059 -92708
-58136 -14503
89592 5209
-74829 -55682
78981 73823
4427 -83822
59704 -79204
88009 23003
7847 -41746
46372 41627
42823 41641
54393 -201
77148 76899
68940 -11475
58777 18744
-66410 -64112
-31633 24150
-6532 -56822
58671 -69763
53115 -82872
9911 -76663
22297 19422
-40054 -87147
48177 -86860
62694 -53141
10595 -99101
73042 -26665
-46024 -89583
-47102 42064
8349 -87307
36269 36646
-14459 -39763
40232 -31461
47811 -64447
27328 44831
64332 -22391
5139 29243
-68285 19486
-80657 -65029
-60147 64294
-71278 55800
25830 11917
-91852 -67309
-37154 95031
-29826 -16950
90279 -83394
21888 40422
-19141 73265
37796 -37940
79189 91407
-34959 12623
-14189 -82138
-17473 -67014
-4240 -56202
-58380 34489
91073 -82073
2211 44054
83970 80469
-89185 73623
-47912 7540
-94307 52780
65379 -55722
54552 47726
55720 64716
-51616 -41550
81690 57283
-44219 -51554
-747 16098
-30012 7967
-70610 75161
36931 -80953
53411 35684
-8024 72351
14394 77833
56451 389
62449 64172
-90028 -28352
85713 12261
47244 -58467
-36690 34800
-22735 31043
95413 83169
52799 -66210
62146 -46235
-55199 -32128
10480 2847
44232 -23073
70609 86645
99368 -70305
52301 82200
-66669 77887
-91735 47994
-4000 -82483
47310 84132
-37268 86992
68853 -71545
-55343 -5411
-2105 -94113
-76366 70241
82884 -41815
-89795 -39371
33032 -11421
89909 -40398
-80060 33045
1039 99068
12892 17549
-10769 -18890
1468 -622
22778 -52582
-12831 35281
-13521 78013
91033 -42191
-982 -17975
-41810 -50358
79031 64722
63011 -70873
-53190 -5885
71994 72702
-55146 19686
58085 -63603
97577 -85735
-16907 -36337
-25901 -48696
39223 63547
93121 98517
-16891 76215
-16929 -52397
71706 -67809
-30405 -24777
89560 7884
-98588 70297
54013 36316
-63943 -16235
-29261 95115
9115 28765
-45477 -96909
-10667 -49229
37703 -27786
-5080 27369
83709 -52286
42801 -5357
-43479 80513
-18387 86796
46055 99206
22409 39802
3107 69631
30125 -49800
-65015 -72721
-39749 46776
-72394 90333
80565 44108
-45569 -35645
43993 -19983
-13119 -67700
9899 -508
37271 42226
-8487 41846
65083 6769
13776 73500
-45297 -50739
37710 -28468
-27294 69312
-74342 -15109
-27035 -60868
-84215 10424
-88038 48144
-237 93375
-32851 98693
-59789 92166
-63480 -98405
-86 13754
-10693 -77083
-97469 60880
-21882 88279
-14883 28216
13503 -13249
-7928 78345
-47377 9032
-28599 -14882
-61304 -40898
-92949 -52252
-83486 99475
-12471 89127
-57538 -1863
-25304 66390
-33443 21610
36979 -46892
49346 -76045
82225 -50212
66781 -35223
-93228 -15315
54015 -12431
96920 25210
-43929 21418
40752 58116
27291 55093
53469 77418
94544 -47835
-2760 -10169
35387 -86596
18418 79981
13583 18727
-38341 91893
49772 -61036
-71002 -71332
26807 -78387
18336 73918
-47671 22365
-6267 28945
-97446 62319
33055 21044
57385 16580
-60902 11464
68140 59561
-41436 -2819
26714 -7607
14400 53377
46359 -73209
71102 -64712
-74090 -94973
75437 -82893
-7580 12083
-68691 5677
-63244 79550
25089 -27822
58432 68295
-12723 73067
-19651 97373
-77404 97003
-20372 50194
-76248 90210
80400 31816
1953 -65587
7212 64959
-72441 -74463
51262 -41555
3034 97527
86881 15947
-71376 -54699
-14730 33421
-25293 88589
-65528 86385
38749 58419
-94884 41332
-26972 48985
-95805 74099
55659 -24285
81274 85227
-63293 60603
-89871 96895
98464 -28203
51991 -449
20916 -14
-34740 -10251
86186 64401
68749 77294
11732 46207
-24513 -64837
55737 94014
93067 43534
-70703 65880
-8069 -21427
-78659 77162
2785 -72681
-83747 -98346
-20760 -31980
-64828 -11626
34956 -97090
-63403 34920
-34531 -61238
-6842 15366
55146 8626
80236 -73099
-37633 -90549
-99773 46110
-70511 -57308
67535 -33406
67598 -67416
79865 -26582
-21791 43753
97200 -62059
-26504 84531
-14840 728
42122 -76643
-88749 -27423
98565 -79183
28545 54305
-49624 13930
-89267 83304
-1664 94440
14795 -6666
-72909 -29858
72164 -63453
485 68577
20776 2371
-76956 63179
-43289 21716
-58439 -44784
-58130 70614
-76534 -20493
-15222 -60991
98200 27650
47545 -91328
14147 -86770
-83782 -46333
-78150 96561
75081 -16232
-71043 3866
-89151 -96647
-87634 -51388
-99757 73544
2581 8879
-50468 -64614
64105 -93171
12744 95159
-27940 -59882
59838 -81172
9662 -24215
-4866 -560
22597 63492
22400 -12746
52359 -32891
-19480 -73518
88097 72942
-7242 37694
-55633 -61483
58248 74853
-20736 11233
36428 -10680
-21883 12158
-55434 7317
486 -78942
81607 81732
-63277 56252
74106 53171
-91268 11408
-19244 -51126
26212 12988
-78815 -64528
-71642 -76951
-52711 91163
14070 75049
50792 -66458
-18130 84985
39564 98428
39357 -94187
-78677 -89561
18925 -84918
86768 31301
-14499 -1212
89759 -68156
98835 39586
28962 32958
57761 9373
-51359 66276
-9952 956
-39039 -44932
-35132 -46597
93247 25437
-29735 48064
-139 -48262
-83312 75678
-86186 -97081
-9915 -29684
29948 11129
26219 -10116
49970 29570
-66710 -84555
92327 74484
-53914 -82166
-24219 72497
36343 73288
8379 -61599
44851 66255
45570 -34478
-78165 -38669
-38965 37437
98926 38021
-84845 -76844
25772 26043
-57128 -12556
79424 37511
-59944 -99837
50986 31391
-78223 -50577
-38925 -81238
-20650 -47570
-27718 27364
15394 -56600
-32702 75413
-41933 23830
24746 -35574
-10707 -35113
-71152 -87467
30643 -4731
-99711 69170
-51289 20043
74962 88337
93072 98832
33231 8215
-12585 -86540
44477 -3854
-95553 -96928
81981 -91395
-34846 -28438
-77374 71755
55857 50359
-32024 19041
62697 14998
-51782 75168
71315 38452
-99253 26508
-50867 -8096
70051 59306
-22532 -16056
34291 16562
10168 59083
-12002 -55394
79353 -71401
-40021 -13780
-17094 -79757
47378 -40920
-27358 -71466
-86688 -1648
-47933 -44080
-74360 -21927
50613 58063
36900 48962
-87288 -82032
-52988 12542
-66979 -77326
31136 81209
37270 6064
-38413 96774
-37640 -76631
39688 34097
-44981 61997
-7739 51071
91074 41666
-46134 -79401
-21408 -28302
7239 -78452
-41696 -43782
65948 52104
-77818 39036
-68107 61384
81587 47436
-46801 -39768
-10894 66168
21810 66578
66947 -83463
-64008 -71303
16231 -8458
-76946 88616
-34199 85828
57887 -28954
64102 -73587
-66050 61323
15434 9588
22905 -18948
40115 9482
74592 23324
91476 78303
52510 7582
8798 -67971
-38035 -75095
-80144 -12713
-46348 -37946
-64294 -21458
5316 66761
-66837 77332
-13698 -63647
81148 60847
97281 55173
13486 -8125
44797 79518
-56737 -59243
-73538 -42536
-58055 12667
-62780 37927
39032 15471
-20183 -66228
23863 32981
-48811 -23186
72761 71895
25617 -63108
-95729 56143
-52112 62783
-76821 38238
42175 -69371
81022 97336
94096 -83078
-12768 -17554
81642 79098
-39175 96187
-79892 23038
-58679 67388
-72271 17692
-2486 -47470
12489 -51833
9657 20466
82412 41590
66258 7904
75246 -12881
92868 -36321
-65715 3706
70491 -93409
56905 41695
21375 -37105
46539 -58583
51338 -27910
-84011 76573
51787 -97422
95570 -63117
28414 30196
-34732 70648
-74252 -5992
20971 -39445
-85076 -47495
-49336 79327
7200 -5477
86230 97145
61902 16402
52547 -65270
-89517 -13967
96316 -65381
5991 -28928
-3172 -62433
4477 -94161
89803 63679
12334 38363
58705 -37328
98411 -36364
-22043 -23518
-14380 -3650
26771 -31130
-87770 67212
34217 -43185
-14140 -81157
-85329 -64615
-49969 60840
-73600 -57620
33880 -69352
-35343 54675
97180 -16597
56077 -90916
-37299 -13016
-33007 68836
35817 23557
98734 -1735
-61556 -23936
49109 14132
59262 27445
-77612 38779
36855 -59988
51707 -14367
91168 54418
13648 51494
11963 16324
28791 67762
98979 23281
-20698 -97784
40272 17686
-93832 25245
219 65380
20997 62302
-79891 16405
96940 73966
-88270 12267
-16882 -93566
-91740 25878
-82180 57167
31696 -29556
-82084 8283
73336 15499
-43128 -80507
94766 -69028
-714 15162
96762 46892
73859 -58425
21277 -2857
-61440 71475
19014 89404
-34476 -25238
57477 39681
39763 99695
-66794 22357
59502 -26900
5461 22134
-29480 -30172
-231 -2115
51908 84720
8507 1504
67536 89137
-82882 -18222
77204 -35163
38408 -58458
-14844 11116
-12682 -53656
-61847 42291
-95080 43154
50805 -66345
75735 -42824
86286 -27592
-28530 -73815
-90300 -25373
-23628 4031
41806 -76608
45234 -46160
-37033 -82490
-78132 -23613
-42356 -24301
62476 -25075
-38713 91664
-62800 -51615
85782 -40884
-16019 28229
-35092 56615
47079 18252
-91016 -48669
15217 -4873
17666 90932
-27923 2577
88465 -65624
-264 -38236
65882 -66522
83377 -79358
20422 28533
-14491 -24894
