5000
-15909 28772
75552 32047
64950 -76018
59358 -24885
-12596 22462
6729 55976
-93103 -55491
84829 20031
-87828 -12254
6658 -94580
-33413 29085
14722 -78744
-2650 -9184
-91431 74152
-22436 -42513
-43161 -33103
8309 -54987
-84417 -54979
-5030 41166
-9425 8314
-85116 99131
-94225 -72283
85009 -34956
-89545 82155
39523 -35656
-82344 67290
92024 -66323
3965 55006
-85951 54296
-65303 -25867
-84588 85205
97551 -70083
-34377 -60169
-52333 61883
-71074 39807
-74940 -28995
97170 98344
90535 -32544
23310 -12995
-63753 -67694
-19639 -73586
-65372 -86780
-60169 -10452
-25127 -25368
41048 -39423
-69028 40674
6469 -83558
-7099 -70322
-98420 75858
62094 45177
-82623 -51428
53228 99716
-60717 46650
70119 93679
-56859 -63492
-68305 27044
18048 -97610
93772 88998
50576 84330
90085 76074
64958 73034
-79166 68348
8835 -15614
64536 80728
5442 60857
-34125 47451
24910 -8931
-85072 -68212
-26815 -65088
73937 -6820
19429 -18807
-68509 4540
-71119 3927
-77374 4078
-77331 3903
-20899 -82751
85772 86020
80219 -55657
-72262 84880
-9120 54897
82114 89391
-11764 -17717
70633 -15757
-97867 -73021
87462 61983
15812 15663
-89607 -3095
-43356 -16236
41542 16294
39466 -95093
-38240 -39543
58058 -98461
-18245 -51375
61679 38890
10850 70585
-95950 -11696
44032 -80960
11066 30038
92957 49208
33906 44637
1794 95646
16616 -39314
88090 63437
-93144 -11133
29375 -3546
2800 11443
-54587 -14028
-6863 21656
-68668 -13303
-99473 22008
22564 -36758
16128 -83124
57933 -72493
71631 91353
85839 26606
-9193 92334
82387 94829
3113 -33887
43841 -2628
-86552 18318
-58232 -27188
-90485 -85604
-32215 -7394
-57109 -41941
25903 89409
-1295 6260
48680 -88102
-77927 -61449
-20482 -261
2752 60582
91806 -84497
3027 -97232
-94353 10465
29056 -49416
82859 -72977
77815 33960
-26752 -17791
-19761 -50249
-46273 1731
49090 -34673
84616 13572
-34551 96429
-72099 84546
-56346 70489
72755 -35439
86594 -55899
94619 -47135
26511 -73735
69784 -93254
-91252 57319
63550 92307
-24801 -1121
-88406 64744
-66989 -33530
31659 72321
84823 77786
50649 -62575
75966 -21767
50053 6598
74866 -78900
-33189 58566
-22172 18298
-59571 33713
39340 -79618
55697 -46027
-20034 -53020
-7017 91770
1777 92309
-61628 66570
84835 -36844
51535 77183
-61171 -99567
-20263 -91193
-6548 57194
-23101 -51722
-23788 -36814
-68120 87647
-9492 -95017
14478 56901
-41551 -22120
-74596 -87372
10773 -22315
-7645 37842
-15197 58878
35647 83657
-60139 83482
21762 11709
-30435 -10373
19737 -22606
-61440 -68378
-59739 82145
43483 7419
77761 -83220
-84900 5335
1262 -3206
-22170 -18529
8121 6955
-62248 38906
-33590 61143
8078 41894
24003 34574
-78453 -6758
-91584 -7271
41423 20170
18082 -99119
-14754 -62917
18340 -73173
-62382 -56742
-30855 -96647
-76 -24425
22742 79468
-42385 -61147
5826 58389
-24639 -85193
-26043 30658
-76783 58593
69316 -3335
7618 5687
60598 -49760
-998 -14968
-24644 -5070
87252 381
-88452 -59253
63130 -18707
-30664 94493
-30240 -36944
-38781 -67497
-80848 44535
-23042 82693
87416 -49973
-82633 26616
-53788 87423
77663 26652
-32233 -78325
19208 31931
-17340 -81096
4350 -85108
-99782 -72189
92215 57234
-72695 -34921
95259 94067
45470 -20537
-39102 60160
-2627 36813
-22488 63083
-71272 77904
-37176 -51025
-32336 48739
-51283 99829
22717 -15105
72979 41454
62085 37405
11833 -49145
58705 -53674
-67716 91341
52319 19723
55388 22337
-45232 -76701
81146 66749
26525 -82498
-70721 30954
44163 56125
3202 4755
56080 -44625
47228 -48521
79093 92386
-65483 42410
-7901 -46196
-68018 -91935
67629 -89958
-98546 -48954
4528 -13829
-89237 9005
-77484 40487
94207 -55636
67593 -18033
-26697 5214
-44385 -57975
97291 -94040
-65798 -92922
-5225 3330
-902 80805
-87753 59933
-14794 -87022
-69763 -99037
91317 73080
99120 16483
-83952 78232
-73575 -42008
45361 94197
-17762 -84407
-38832 2863
-16115 -2875
19082 29302
-13206 -49927
-43488 -73979
73862 60551
15267 -1876
51947 23723
-26077 -49170
-76201 -90462
10249 93243
-46953 94512
-17153 56820
-10834 -22617
-84401 39299
-39402 -59995
24839 -20818
-57838 96235
-3081 15121
-59150 55903
26183 80163
44451 65295
99217 -61432
-98784 17923
-73716 2702
84068 -5469
70398 -27300
5343 -32076
-50184 -10628
-85722 62262
-59864 -90590
-65527 17213
65422 33857
-64288 -63916
-44038 55712
-73196 58802
-90021 -32105
-16646 30085
-51208 -12249
95295 -55721
55604 71243
-48902 12897
55231 66067
-30393 -47862
73839 74237
46418 -92454
843 -21413
15767 16772
45690 -72762
99872 -34640
-97144 65131
-38039 -29428
-24103 -74734
-15449 2502
89345 75257
-80868 62065
-5923 69998
-93342 -31107
58312 21576
61981 99355
-35750 83573
-37755 -18276
-90707 -80742
-42042 31392
52128 66581
84395 -78446
-12122 29934
-58577 90472
9282 80526
-63000 29965
-18484 67104
-37207 98581
55105 84353
13468 30844
-28071 -53126
58460 -75887
-34744 -99483
-98890 -80718
2885 80236
-38722 -43361
67307 53159
50374 -77236
90861 97577
-25814 64143
28575 -83815
59611 77785
-15424 -67984
17838 -2855
20780 -36336
26619 -75061
5789 27113
-40538 5253
-91880 60281
56297 -12639
28824 -77860
-12413 29045
19247 80360
62658 28357
-83271 -59971
-92281 57527
10167 49325
-97731 -44256
-12737 80674
39537 -66761
-17322 3965
-1498 -60779
-46384 -63662
50850 -59807
-6304 -54879
-85357 -69420
-58721 86825
-64681 6434
28598 -69435
-41463 4215
-30642 89481
-19585 -19249
-44056 69091
14772 56464
24844 -96282
-82010 -72554
-79257 23058
-95318 -75141
23638 -51635
-24572 -17091
-70490 22464
-65340 71608
-74614 77139
16248 23342
14006 -4165
27145 -43302
22137 -64678
63881 -6803
-76451 -82249
83276 -15475
21566 94385
15349 -10022
-72870 87196
-90164 18221
82142 -89540
82795 -19768
55136 75628
-25295 46893
54820 8806
-44635 -21195
-47157 91430
-57542 -70992
-23428 61292
5309 85421
59176 11485
-98691 5887
-34911 90903
61343 -64876
-92885 44682
44478 -61811
67302 98026
41199 3546
13039 -53088
1561 46508
60616 -83013
38376 14743
62385 4470
-68318 30135
51927 -13660
-86595 -34162
-18113 -75586
59044 -29343
-90850 -23092
-84857 64233
-85715 -60419
39777 -89862
64328 -82824
11503 -45184
-49770 38912
15969 -70341
-40270 58800
-75195 42189
73109 -13434
43501 60618
59220 -68793
-16804 20775
31277 -21360
56301 42887
-61019 -29458
-5605 -63870
-68231 37328
32223 21035
-22791 28237
50414 45209
92967 76866
-20095 -86985
70370 83745
-93893 23087
99609 -83145
-2453 22584
33407 -45475
-94988 83077
56384 -80998
-21139 -14312
-39126 68615
-84166 79687
-55484 -20162
97890 22402
-73424 3770
-35021 -55129
36151 98291
67651 82354
51301 -29820
50404 47531
-27468 -66787
43278 -77874
72995 71810
2723 77243
32315 49145
64650 -41793
-50624 -35274
-15666 -75649
61031 217
68498 -9468
85855 -16295
-3490 -4161
51876 -47325
86433 35115
-13126 -77342
-68225 -13796
-31403 31329
-86845 -72339
-74663 93708
-93308 -27295
77114 -79354
90086 -22569
39119 -93228
95495 -28576
13956 43299
-78678 -48916
1682 -40128
61676 88826
36702 -52562
-29751 20319
85377 67608
-9631 9657
17369 -21554
89609 18046
-48429 -43327
99014 67323
-6475 -4208
13417 65208
-6381 -80921
56719 45104
-42821 15008
-78842 43575
-98664 80691
84522 -91275
69653 -75672
-9042 77898
23458 -13627
-12672 -90494
30277 -19571
60061 -39327
-82838 -22551
-80147 -42717
44284 -46002
57559 -94111
46454 96467
-4793 17623
-9281 25145
-36861 -29632
46449 46794
8321 36677
-6077 80884
48393 -72758
65714 -78885
-56135 -92849
-91536 3910
-65069 -86810
-40982 -3955
27941 79730
-4845 63875
99290 47337
-76868 78632
-37730 73185
29121 73335
-12821 98312
-76767 -83041
-36943 83482
72108 -76617
66749 -63722
29055 92611
-8432 23169
-89867 50407
97424 -57456
61536 -17983
-41395 94673
97204 -16592
75213 82573
47504 60983
13545 15291
18614 75207
-1879 92379
33935 -54447
83918 91504
-59147 -48552
-58919 -64366
29295 -8337
-49325 2544
-27693 -23880
37203 -27275
81208 -80274
-88352 -52897
14730 -7494
-98893 39824
-58254 -19517
-64022 -88876
9838 -48542
17663 53847
-5511 -811
89233 64580
66488 -94081
-98310 10087
-59065 -77030
-34623 5540
-67267 -27332
10266 -28617
-76221 -59181
34082 -1112
63559 -48982
-22352 -58571
-55555 -55906
49758 60369
-84530 -70043
25796 -22164
73999 -3173
-91946 73117
-13114 72623
6237 75288
-81965 1561
-93833 -8240
-72872 -4434
7090 69077
70217 64594
87344 -30982
17375 -81225
90288 -56529
-78460 47804
20135 22394
-43840 -58680
-5384 -89022
-2827 87540
31541 35906
-35386 37148
84496 -48844
34582 58794
-19148 -38003
-55150 85888
-85700 48878
37003 80681
90152 -49125
-57388 -43223
60461 55223
6538 64583
51576 39082
-47512 83842
19127 76714
-93056 95189
94586 -60412
64025 71184
4462 -66932
80098 36188
34436 58581
37923 28291
98621 -64348
33504 71257
85391 -24521
-48832 -56260
68365 -59604
-72921 76317
-70633 31
85571 -54586
98667 50739
-60333 4137
-44948 -50339
91302 74712
84852 65818
-23782 57084
-29223 6424
22341 -98121
-82700 78247
65962 15924
-94422 -18769
98451 -56352
25546 63203
-73177 54189
-87492 87707
41816 -95569
-52504 34683
37520 83696
18914 -66215
-26762 48959
-55651 58791
86404 -80428
99260 -5916
72963 -38059
18055 -74800
59017 -48880
34069 -30353
-60164 17436
52288 96018
78591 -8151
-77163 -62888
62204 97145
-75999 -28214
9587 36093
68903 38644
-17035 83514
5009 -82998
-28425 -53214
-5174 78878
-55613 -68539
90240 64882
-63866 87308
-71311 -9304
-29638 77849
-5153 -79917
-68593 22895
-44807 81389
26121 -92764
96587 89259
95571 27473
84496 -63131
-6963 79410
42234 75503
46110 17066
98071 93049
-77390 73410
51631 47129
1608 -42046
-99022 74895
68455 33304
-98576 31738
-58755 48819
7237 60069
28320 23620
-9120 -35662
-49801 5566
83307 16913
-53035 53370
-28155 -43277
-54927 -46814
44585 53295
79777 1798
97473 -42004
71263 8063
-20220 -31833
-93742 -78309
-79196 -37734
26049 -47243
95623 44217
-27827 82165
-52818 -77510
-73814 33732
42850 17043
90103 -65282
164 48237
86109 44254
29822 15268
88719 -51872
51961 39447
51346 -50760
88805 -79744
-56161 -77287
-41920 -71493
-15238 21040
90863 94208
57747 27627
84550 -37092
-93996 22095
27109 -53956
58948 -19571
-32107 36545
-92101 31542
-17943 -37996
-8131 5535
-26453 -22079
796 -43824
92871 -77068
93359 -73075
78651 -96527
-24348 14343
-67720 -30938
-56146 5956
90490 -41519
59703 -33087
9264 -33376
21018 5916
80499 -29084
81347 -47740
-87643 12297
40655 96076
36637 79227
-52507 12942
-6589 1570
34755 61618
-30451 79078
43443 23636
70391 -55396
-51851 98830
-7310 1943
41051 -76425
2300 -75044
96270 -93077
56902 94879
-24323 21955
-58416 41098
-85432 -33647
-37183 -20424
77705 -46947
-78431 30912
-87456 -11080
23726 98084
97364 30186
23180 97382
35524 35894
-77234 82517
59569 10413
71245 17079
-6225 11681
82957 -59430
56040 -1469
-74107 -87200
20033 28450
64510 -22910
-39182 -9186
-33102 95095
77260 61778
-10601 -47869
-151 4215
-72409 -33916
-16258 59520
-40645 39782
-812 -40933
81529 4154
-4892 45737
85801 -33976
-29905 80998
74872 14012
-36974 10925
-21949 -31086
65675 -53911
36563 -55291
-31005 -72329
-94744 97790
-78986 19113
-82771 89559
-15911 16872
56827 96520
-60824 -13890
13611 -39035
46921 -39645
81981 15081
5013 -99126
24999 96262
86906 75386
89104 88923
-73836 58676
408 -62348
-77044 -85355
-29214 -28483
-46189 83738
-16861 75994
28507 96242
81934 53222
-75829 78352
-25165 76915
97314 -82915
21993 5319
-35892 -78518
39696 -31879
2671 -91006
-89116 -54373
30009 -71694
63394 25413
-83536 19174
73563 -75469
-84676 -57906
-92846 63182
77216 -94013
86573 8771
-81061 71776
72091 -91446
551 -87812
91609 -90921
-63317 95088
73544 -98526
-25052 -97335
68846 -55183
72853 -62488
-54015 201
-67153 -43479
36758 4996
-95212 -49696
61591 55220
-90070 58810
28103 -41880
-65092 -69075
-50818 30894
-63098 -97671
45076 17820
-63304 54314
-11271 -78625
45630 72088
49582 -87342
-26753 62336
90328 39703
60001 -13629
-24077 62417
-64982 -32906
-96235 -49754
-49404 -63611
99149 -22128
-33015 15423
66565 -55977
53482 -62048
-92086 70524
-7565 28164
-36495 -21467
67791 15382
59366 -67301
721 48933
-18028 -52407
68482 88399
-1882 48537
55002 -13236
-4125 69808
98564 -5170
-32777 -99694
55165 -89143
54390 -69794
-94477 5559
-40824 -64705
54422 -80196
-52732 -68163
-77134 97390
94626 19635
7728 71065
49524 1663
54417 51555
9390 -21415
-82696 -81972
-10979 -33282
42076 -61894
71959 97605
-39059 -36801
23367 56934
60992 29160
-72824 95162
-10244 -53323
-6829 48677
41131 -33719
25670 57612
-7862 76239
-37920 -72502
45305 65559
-54111 -96390
1466 -24195
-87099 87494
-83463 92458
-6782 16316
-52156 -50337
70895 59667
-25978 -62309
58643 78568
43889 54362
-88093 7739
-41616 60713
37453 51022
-7643 31409
74579 65836
76025 44461
-47700 -4619
-82691 19757
-44532 -14814
16258 -60319
78624 -2702
53459 76854
832 -8532
-4614 66003
-16411 -45553
-82404 -16488
-16392 90942
53652 38149
45225 40753
38351 -38122
-4863 -14872
-82122 27381
40290 3382
97362 -24486
42357 54265
82223 -26544
-37691 4208
75737 14608
54280 -18471
-40120 -54015
-44364 26353
-52181 20132
48240 -7487
-39147 -38643
41728 -20840
74531 14714
46834 -45621
44544 -6504
-20581 -73922
-63436 97449
-5895 -80129
-76354 29323
-27776 44139
-78798 79400
-84795 -60956
83868 -36304
-19128 -7634
-93759 68783
-62692 -2254
79140 -52224
-57471 36005
33785 -36804
79734 -32492
26622 -92071
59664 -17759
-64812 28202
-55036 -37570
51879 -64236
2707 18496
-52092 -95899
-28689 -18548
-53849 2684
-4709 10834
-66158 -45532
-51862 75760
-43813 81673
-53063 88788
54920 58100
-13914 60449
49589 -95285
-82483 -86727
-80264 32964
-96145 -44334
-81269 -81558
40487 70476
-33924 18812
-50162 75039
76465 61076
-10147 -68900
67905 -31101
-66335 -27846
59791 83903
-73947 -46485
-18736 -43824
7510 93779
49678 42257
68906 -56808
86583 -41963
-38284 13187
-1171 -60375
-7897 -84600
13980 -22339
9684 37374
31834 -28102
-87678 93843
-31754 -45014
92544 -19310
71049 45363
-46518 -64168
6910 50339
74401 62555
10931 46707
-79202 23818
49906 -93354
88455 18427
-641 76666
32270 28279
76796 -81735
58173 -17871
-25781 -11321
21681 -90634
-56146 13666
25532 -5309
49713 -11785
-27858 -58780
-95445 -74116
-93724 48490
-34777 29547
4468 67272
-43137 85865
87468 25188
-16558 -6105
-5517 -8420
22715 -35736
3894 52784
87190 71352
61612 -81769
-71342 65034
18700 97265
-78825 26106
74105 -38310
34503 47235
13871 -26525
70389 83779
-36945 -52752
13797 90900
-74734 -11647
1210 96492
25924 49959
-80818 -66048
71976 -14552
84321 19358
-45970 -66797
-35729 88045
19832 189
-89153 7202
46097 30756
-88240 25778
90685 36207
80023 -78992
21191 38936
-98791 -43354
-61014 96289
46085 -26742
17020 -67835
-60890 68741
78082 87223
54130 -11344
-22632 -84855
-6796 -19332
-90797 82343
-36053 62866
-63599 -93406
-55198 -5491
-23407 75432
-94193 89716
69935 98173
12760 -66961
-15761 27675
-19629 -42260
-12883 91012
-28976 -12334
-38922 -57895
29119 58873
76626 23103
-51591 75539
-56998 -645
-88196 38847
-25012 -61658
-79756 -67609
51487 -48424
96665 41588
-73642 -50607
98806 79909
-25538 21090
-95583 49693
34773 -64536
93550 -81810
11319 76280
1787 94295
-22526 -14072
17883 53489
27022 -69733
46714 -29421
86368 73913
58050 -54104
7430 -52021
6253 -64459
94346 29436
-38692 -88316
-56702 49210
-15589 -44464
18686 -1284
-59234 -92462
5805 93614
-72472 -1292
36554 -74052
54917 -34442
33692 -56824
-85435 96090
2679 28226
93540 549
63039 58521
-57738 -13206
29210 58008
-76157 81882
14971 -9898
50997 28264
-98483 -37653
-65198 -71694
89501 39175
64774 92754
46384 -40658
9341 -18519
-6938 -59305
1848 51170
14870 -34783
9005 15072
55670 83861
-7504 60165
-43546 53971
-21672 47796
69770 -54355
83736 -53549
-25049 -73348
-35960 -28655
-91627 86259
-93411 63503
63451 -99215
54164 3697
-50821 60780
93731 -11485
-43841 -27327
-32988 -50246
81097 -64076
72593 -82345
69850 -25363
71851 -64471
-39153 -83022
-77016 739
-24395 -37111
-93471 -33591
76654 -69497
42796 28610
-41372 45501
51620 54885
-70303 88799
10985 -4327
60240 89812
-8364 -2904
78633 33982
-34646 -60974
-45941 -53615
1494 33736
-85592 71059
2656 46473
77800 -46576
-71909 86290
54250 27321
11861 -74344
29877 38402
91125 -64405
-15697 -82292
87957 81051
63652 -23822
-24711 -28966
25341 25888
22106 41623
97535 67502
-87650 30269
29008 -90940
14202 -12432
-57155 -94853
77084 76272
60707 24695
41422 -67082
-22049 -34021
67219 -59770
42856 -70242
54722 -63649
-41573 20443
70083 38229
-4230 -68379
-78869 -48088
31318 -13532
88754 86747
14971 81592
-3352 20817
-75801 3557
92750 -20844
-59377 -88315
-79657 -61043
34755 -57630
93083 -40639
58668 -18125
98766 67776
-87221 75998
-28159 -91435
-61024 75972
91798 -88776
84015 25172
-55046 -25761
35940 54675
17946 -3641
69331 -53598
-83969 -60701
-62992 -24434
95728 -53259
99 31126
-96526 -46601
-61463 61769
-6757 -50557
-12299 -79022
73967 38973
9750 -11918
-18160 -51773
11759 81526
-4860 15451
66731 46104
3017 80080
24424 -3277
-9970 12266
-34157 59467
30767 37213
80270 -74901
8465 7850
72497 38398
72686 -77754
-68072 95510
86537 14961
80707 78973
86609 -18751
64561 67804
27539 -44518
80425 -19724
-19990 53995
-71891 -76606
28975 41813
-28261 80976
83599 28233
-9790 -63246
58702 -15350
79616 73989
-24271 73360
-91160 -27106
-16478 71220
59566 88055
99373 45450
10114 -91219
47704 -1961
-68073 -24715
56787 -7
45089 54470
-20259 49103
-90578 -69128
50506 -49049
-88089 -41696
-75249 43952
-79730 1958
1632 90572
-7926 54179
-53358 7531
96754 8790
94429 -59947
-75979 83524
-68301 -37042
-66729 -14441
-3694 -85075
-20033 -41291
39561 -74854
-5753 26625
63937 77967
22387 -67429
59309 1262
63303 -44580
25180 -91844
7148 57132
-94036 -22252
-71357 -50745
3239 -63702
60041 -60313
25082 -74102
99173 -12453
-82321 26351
61997 -90174
-36015 61561
62396 -23515
-3676 65449
90241 -31326
85143 64183
49481 -6834
-23251 68600
-41656 -76458
55809 -23861
-20406 -81443
86281 -69289
55469 3262
-34895 -45440
-98457 38039
78794 -65161
-85109 -67043
39264 53477
91434 63618
-54241 -69337
-39192 -59485
-12493 59968
-35888 39056
-13183 -33126
62937 56481
67553 75630
31738 41540
-53243 43440
-76456 -66726
-93909 -40866
-88620 -58236
63905 -47799
-10121 50303
49291 16524
53902 23272
77165 -5275
77783 25146
-84669 -60921
31049 -73687
66599 -83587
-83556 98230
-8378 -54938
70486 -96836
3101 -26650
86199 95823
29933 58160
57527 86625
-80717 -80957
-23390 -64694
-29911 13808
89764 70293
12971 -60335
79315 -27172
97846 -93409
26209 -92323
-87610 97231
-33325 89677
-57311 -86851
50141 18842
-18285 -13286
-52798 -24060
30324 58078
93339 -80995
37198 91158
5862 96287
62468 -4257
56223 -47209
-73351 -53849
-14741 -48043
-34254 -2342
-94683 -3491
47141 78522
83433 32701
-8515 67849
43935 -93866
-31098 57767
53590 83374
-33394 13823
-60031 54892
-53674 60310
35629 -93312
729 29921
-54792 16647
-58993 -86116
63027 96538
27889 -1816
-46905 84057
-18603 50692
28799 51802
74645 -39363
27519 69348
-52778 -272
27385 -95299
42152 72849
86185 12826
-93819 30366
-94370 5436
62028 98628
95780 -82781
33313 -33215
-8306 -22399
-95178 47397
-21756 70717
4671 69533
1977 15913
85023 -11833
80247 85689
-67210 66281
59466 -99000
-97464 -59493
74494 -31842
-72302 -49799
90356 97523
-7447 47659
-77971 -17232
54911 11579
-81512 7859
68942 -50082
64526 -175
-78516 56667
29 72618
-29129 -29729
27802 18014
50119 -80059
-27355 95746
-60838 94779
-85318 -7195
-7709 -76465
-50098 54620
57040 -19280
-21837 57012
47504 -80791
61001 -26556
-30322 -27613
-83254 82872
-98245 -40359
79516 -54131
40477 -98125
97286 57427
22399 -27658
-52596 -27388
-24987 -73718
-56395 60131
-3104 25683
-84432 45407
-99985 -90095
42784 40763
-21497 43017
-74886 -48338
9269 -45643
-51665 -22269
-96805 -10227
93990 79521
-84737 68813
52327 -9585
-73752 -7525
-67779 -15303
-66684 -94449
-18002 21222
75603 -99130
76547 43995
-43181 -28662
82856 91850
16856 -61248
67365 97460
76761 45624
-51842 -31959
-75993 69672
-30583 85240
-67709 -35916
44868 28083
73355 25152
19158 7540
77684 -41913
7447 -27048
-38982 3891
-23941 8399
-22190 4340
-79088 31856
6916 -97860
-37335 76511
-98553 54866
13654 -19376
-55684 64180
-39311 -36357
36134 -3243
-11070 11519
-43998 -51536
70639 31666
52180 -24684
-85834 -41232
31305 -5588
36441 -27131
-30436 39758
90230 19667
48759 37560
-21676 -69849
-98582 68356
26635 -81512
-88502 -61467
-36777 -86497
97397 -56197
36818 64260
-85039 64540
-47603 -70654
33701 -10754
79676 -68401
87974 -96104
-54794 7034
-81575 -59216
-88940 4558
73949 41022
14884 98573
-81567 -41222
10100 -12355
21828 52150
20167 13646
-87908 -99338
-38629 -12499
57594 72180
-42092 5024
-12639 60884
85965 -40488
57884 -53276
-57824 97522
23150 -80400
-99937 70714
-72527 58665
-60446 -43626
28918 38245
45827 56182
-45561 64751
7517 81550
69078 -33971
-80493 87312
42525 57704
49440 -53756
82875 6035
-82804 -86936
55056 -44629
-59312 71709
-83398 12578
64494 2227
52086 49453
-13827 -46573
61107 -95004
58582 -80652
-73647 1725
-49416 22609
-46634 -95586
-9566 -8146
-72783 -45136
-45004 65445
-29841 53818
87838 21437
41468 -73511
1317 -26453
-2444 74118
39580 41861
-99744 -94710
-70536 -80375
79856 66079
-73796 37529
99121 30092
-80109 -18850
-44549 -5414
59698 50642
64937 48833
44491 61737
-42419 99048
-67933 98267
61614 64735
11958 34617
3678 -14965
21792 -47765
62145 8723
22352 -51924
74950 -29191
11998 -38863
-71340 17467
66324 40067
33927 6688
-34014 -53119
-33209 50675
8609 48722
-70374 77843
-15721 -98792
73222 -68804
-41990 -84879
-45880 -8414
-66150 14086
-91701 67655
19005 46728
72233 11621
75691 -5872
-63165 -16647
33076 40114
-67276 -8000
-35661 -45074
-1252 -34924
-32174 53003
76425 73070
-77392 84301
-75557 21144
-25147 43753
-87201 -3123
-92983 37073
-16384 -47762
31767 66272
87683 19258
-25352 55169
74984 -85519
11886 46272
-55234 44164
68483 -18778
66856 -96917
16372 89043
-76240 -19153
37660 -64771
45047 34703
22284 -48911
-63232 -68063
-18672 39958
-23664 96003
-43502 80486
60232 -1933
-32757 79489
90428 12656
78019 61944
-38817 -23665
39535 -19722
52661 93630
76897 -90285
80504 -82027
13313 -97232
14577 -3463
-78776 -47020
96973 -76442
18401 43046
33152 71928
-30064 -51237
-12334 87997
20990 -31211
35840 36883
98615 11104
2828 75716
74046 -31289
95167 -57995
-1573 -56863
-44960 -28387
59453 -41637
-17311 -46271
-34092 -36306
-23158 -85738
82515 66869
94254 -65028
-71209 -10746
-93601 -9228
92612 64664
-27360 8107
-26126 -56379
-80643 -97792
-60 38861
22491 52513
-42188 54968
25131 -24736
-11995 -38461
-87526 -88427
66073 -66064
22088 -42704
91946 21577
54367 -68255
16850 -32145
46925 -15208
-37689 4395
-50607 33763
70497 46932
97738 15832
-60995 -19519
53789 27046
41203 24329
56450 -72453
-58262 18990
46966 67251
-23221 94826
24698 58676
-57425 -84656
16161 52297
-10747 87612
-14642 -67916
91936 -62302
-9799 53417
5574 91367
4767 41073
-36200 -3359
72567 -14408
-19853 95042
16093 -32383
65127 26819
90006 97859
20889 79673
-91988 -32515
79696 -9284
-8812 55152
-69229 -54559
-73422 -48608
95122 21705
35109 3504
-65873 -96967
21972 -49629
-85777 -94107
3451 80137
-77742 -60894
-21471 -52467
-749 -51456
87169 62434
97606 -12501
11195 -87737
-70314 -77285
73720 -85142
179 49614
10302 -81642
-29938 21174
-9530 58441
-40068 -87412
-66511 62094
-95154 39635
83636 14995
-23779 -72125
-54773 40590
-87813 -56345
-44099 82226
-41729 -35856
-46214 7623
-89490 22846
-26182 -88589
-70688 7114
50192 -35392
-4409 -14908
10074 1083
48636 20087
87600 -13338
-84946 -74925
57587 -42030
3862 96199
36041 -98189
77488 -66870
-97330 -43477
-6287 28075
60087 -94082
-32612 82847
47931 37086
38770 -77922
32781 -2268
89443 19028
-80596 91129
17800 44143
91954 -7900
-43946 69238
67171 -66804
6557 95815
-96240 -85690
86804 -27994
-66078 96182
4443 -6332
70895 67516
25005 4156
-66305 65789
72155 -49486
47891 92976
-7707 -40146
-31473 84834
76794 44912
-15990 -66655
-58825 10570
-99532 24474
60903 26890
-640 -28428
79086 33621
50281 -33237
88155 36598
93288 -4226
48132 -48112
-33876 -86357
10448 -73835
19944 -94460
-78654 74195
40902 -53298
27287 -81074
-62484 -58109
87996 -99423
55006 93873
-6801 -53580
-93388 98114
-95205 62122
86702 -61466
232 -18873
-95179 55694
-33434 72753
-63299 24906
-21212 -29634
22897 -84990
90626 94928
3127 86707
85988 -47343
44284 60160
-3895 8389
-21233 87578
81592 99415
-97426 1712
-54725 -31991
-91153 48325
-60538 -18590
5307 40219
69374 85207
80136 54534
82224 12609
63103 17629
-22320 39996
-96753 -1729
43292 -80096
-87875 52138
-82162 -73458
42429 91842
-97640 -82758
74102 -32850
70178 34989
-20369 -89222
-38482 74571
75548 9215
-10379 62908
-82667 -99219
-27479 89749
77935 83495
45286 61137
9898 -58404
96168 4303
58419 -74630
-44116 -43291
30487 -87081
38980 13464
37858 52131
-88896 12985
84356 -52765
-67022 52324
-43889 3108
64447 -5969
-91351 80384
-97429 -88656
-20383 -71912
-51393 58933
-53445 -58778
7344 32506
-29018 -34126
76569 -45740
54894 -95191
-55916 62628
70234 76156
-74951 -34798
89676 59535
-94607 30699
50517 92962
5026 -93210
-22852 2137
-4347 78035
-77201 -55461
77092 2398
64312 80047
-33092 -3364
-55214 -21402
-57997 18481
-29334 78717
97429 -48699
-40977 -98181
23796 -67507
55334 37368
-78333 20082
-77306 17907
-91584 -46407
36195 554
-44642 68845
70221 98533
-68539 10354
-72284 41685
98315 90187
9247 28413
-79585 11078
17532 -13088
-39967 71799
95532 -46276
47766 -24672
78340 -36840
-77299 -14570
-77128 -42990
-20296 -53595
71630 -86685
60440 44231
-76760 -26843
48259 -27868
47256 -12926
-76415 17337
-96497 33608
23245 -73080
16953 10589
-97451 35781
-42127 -63384
-41940 -17529
52787 80029
90504 7061
75832 46030
-12518 70706
-38019 51910
-81444 -4068
67973 -23817
-12162 -55626
38652 87901
-75457 8457
-69861 -69571
-28176 -55268
39914 95780
68476 12282
-45540 43923
88531 35014
55254 -22031
91444 -56790
-17347 -58802
-3701 -98775
99592 -47122
-44645 -48407
15051 -72687
-41053 -59231
-77249 58175
97128 -30028
-87927 49602
-47669 22358
8204 45772
67147 80052
77553 75200
16246 18058
63379 -16458
40677 -9996
-15261 -55373
61720 -2546
-8398 -76683
8865 77261
75073 -79769
29680 12600
36832 27707
-10469 -3716
46794 18559
22941 -94349
-74363 -30914
35006 36881
-25949 16247
-76328 -75609
36632 37297
-11786 -68491
-13365 68943
56030 78123
96454 -326
78370 88755
-59263 -24930
47284 -12028
-83909 -45454
-56781 -50154
-14332 -80039
71263 -55181
60600 35026
-35634 -84347
9621 -75161
-76598 75354
99645 -15527
-59372 -62225
32017 -1830
-74036 67889
71676 11407
-171 -52881
40189 34185
64914 50567
21801 -52967
20789 -80495
-26973 73825
38722 16670
66033 -56606
-29092 51609
4577 40377
-31498 71614
-23728 -96985
89110 56263
-65559 9508
55955 17920
-71419 -24670
-21830 74261
20131 24143
4630 -73585
70111 13798
-6149 -37413
4050 -96103
2327 -74180
45750 23957
-28258 -11378
-72738 -25645
-36689 -68701
-57096 28215
70847 37173
45075 -91350
16125 -87707
-8923 -97132
90923 97697
-4345 64461
96539 -58110
38763 -55507
81497 90778
-53475 -94086
-32436 -27626
688 63290
-89488 10483
-62234 -32668
-9342 54226
-87982 -53130
31356 91916
53296 67456
-18660 61461
97673 -18442
71510 1182
-87027 4629
30164 81289
27418 -70149
49858 82768
-7143 -27467
84773 -63011
-39349 -1528
-63515 81785
98138 -94359
74526 -76256
12209 -63304
85678 -51216
-66896 -95377
-11407 71307
63153 -79964
93105 64966
-65596 66381
-40599 96058
-66875 -70778
83065 -92086
17474 7890
-38631 39485
-37903 -5633
31265 -45177
30971 -446
63323 92031
7031 47765
88972 76277
18951 -18620
48185 22795
41257 78551
-80385 -27179
-20573 -80194
-97416 -5731
-60929 -59574
48659 68915
-77424 66612
6270 -95681
75327 -53807
86687 38737
-26643 -66230
-59665 -36402
-43287 -98926
-42065 -13361
77409 -16877
-22893 51744
-18963 -39731
-33344 38922
-11726 88547
-39943 -57710
-8218 -63005
-84249 -9456
50894 94408
69454 40419
-58506 84653
-99051 -27242
-5307 -90553
-50563 7487
38216 56016
-83892 -21647
61871 15945
16860 55947
63319 96915
-12123 62306
-45 67348
16044 86779
86135 44396
-53045 -63638
-81982 49791
12703 -37695
-68381 17515
-54856 92756
-17826 -95651
-42949 -28411
-89168 59169
-99294 32257
72439 81704
-19582 75836
20135 -40196
27225 53979
6530 -92852
-59536 -25854
-31392 -85831
-13378 50296
62492 -86925
-10532 88424
-56687 53803
-53267 -55644
-29199 24103
-26227 58969
39864 -83713
51474 40786
66642 83786
-85660 -95570
-36023 -28882
16226 58214
-77435 58723
55774 -75529
-22950 70998
24148 -31996
17726 6754
9097 97757
-30300 -87719
-11056 -81364
34970 -63938
5035 96032
86030 68255
-85885 -9757
-44326 -322
7503 -15179
99829 -17808
-13681 -8626
-3151 31254
65858 -15411
98028 -77738
67305 -198
99955 -94231
-58757 -66890
7190 53716
-28915 54361
-5158 95703
-30541 -72085
66082 20194
72184 -45690
44608 -34469
68797 77372
-36506 -60674
-31826 -64466
-79566 -82278
907 38446
-53578 -95646
-79393 12708
-31244 -94768
96076 80261
27012 81005
83053 1957
-71408 53142
89978 -95874
-87268 -41596
25291 76654
59069 11548
39981 32497
-46535 89933
-63692 60628
37594 -94292
-87325 -10533
-47191 32639
7938 -9513
75095 56751
59158 60850
24117 91922
27297 63602
-17523 -33160
48780 10351
-50652 -35952
-77198 62030
-7569 24253
79376 34873
-35627 -11890
-40757 -21178
68924 -64553
-57334 21304
68330 -6415
-50852 -4048
-54797 -509
-70970 -44020
-755 64441
-47464 67146
84251 76378
-49981 86624
-58847 25956
11280 -26454
82906 -49356
97035 28556
53263 73065
-73887 -13015
-2492 -19665
91925 -11330
49256 -94007
95272 88892
-82308 -47173
-34853 49856
-64983 66821
-37215 27990
-28284 -87771
50622 -12005
-61910 -27382
-62331 -57033
24166 69120
38397 17685
-3450 20591
42689 -27862
-26623 42045
58472 -81091
72515 63866
-82110 78257
81106 -38873
68932 88326
-39192 61424
-61472 -83916
87858 -30955
-43160 41033
-77557 38118
-51106 -75111
-57334 48957
64503 80135
-32405 -22414
-7659 -2900
10137 93009
-23521 -7028
-91652 -56124
55474 7849
94338 72365
6888 76962
3685 -50657
82159 62742
30591 22312
29826 -72496
-36249 -98344
-50305 35258
-6850 33582
76242 -76442
99362 -62245
10661 3519
68785 -28168
-21812 -32202
-15055 45556
-92265 43982
13571 48990
46694 -49923
-68771 -28069
21203 93323
66798 -98239
-50456 45282
47759 -35163
-66652 8481
43314 41220
99821 -25234
-32367 31916
8487 56583
-38297 -96631
-91823 -68147
71154 14360
-22203 85035
14576 85844
13933 14761
-45039 99617
4029 -78782
-87622 82919
-43241 97601
88210 65378
55759 3948
-61516 69707
24484 43724
45734 32969
-23652 81655
-59497 90111
88374 -72140
-36246 -10650
-77831 -47562
23963 -35492
-69295 61915
50904 18586
-46481 43697
-62810 78603
-37613 -15286
-24844 10885
68372 -3676
-52390 4229
93369 -98554
89875 34072
-60699 81607
9495 32277
-25742 -35150
-88758 -23831
57464 23028
60750 -95679
-26363 23702
34672 93843
53043 19897
16188 80786
6533 67131
-29418 91634
6498 29617
-78262 -7951
80250 59525
-4019 -79278
-37438 89891
-74793 -50902
-47580 -81374
-55672 88669
32454 61021
-78862 39358
23964 -29165
-62752 -55330
61652 -46234
51185 -26529
-14742 -90912
-72462 -27831
11024 17861
-74221 44640
-56889 19193
-4082 97938
-72954 40027
41758 -16254
-1506 -14427
41423 34417
-24431 27518
-51668 45512
45992 31223
-32331 -64337
-7631 77068
30397 26483
-91660 -77490
35464 -46527
62352 53037
38074 34558
92847 -313
45557 -86739
-34898 -76801
12312 83936
29077 53502
46175 -23922
12342 -83233
97902 57739
60756 -17974
26177 79800
-49809 90116
-47729 -33957
88795 69435
89598 -95464
-95438 -11716
21393 45457
47499 -93136
41570 75881
81961 -64930
-19591 22792
-81089 -16268
6585 38866
-69107 -45681
-85859 91572
-75393 77725
-7283 -19674
-73140 58274
-15633 -97270
-52585 -20486
-75535 -4333
-66400 7775
79373 -59208
-67892 -99282
28579 5477
-24803 -77980
75778 25685
-98383 -96616
60888 66458
-16470 13405
-64850 34476
55293 98026
79929 -73163
95567 -58933
18596 89225
22497 38839
28465 2446
-89395 84741
-10809 11136
4358 -34207
6757 -69826
25740 8663
16374 -97414
-98054 67031
-21292 -76524
97385 17908
19200 34010
-55636 -10012
40374 -64426
27846 52536
-54775 91041
-17879 39353
82980 36358
-6445 -26669
15080 -83124
14192 -50249
-37901 -82264
-93353 -95025
-91264 -53370
-18348 77342
-75110 -71465
62358 -4880
91839 -95412
-80362 94454
-41919 20616
-55633 -46383
83290 51822
-79433 15716
48052 86386
25683 80016
9031 28615
-48049 -38168
9283 47633
-44192 1463
27363 -60611
-18748 -6257
53921 50503
27645 -83310
-71318 87001
47514 78391
16719 -900
-84751 94463
72509 -39425
-33539 10277
97169 -9070
-43078 -77650
20947 1636
-31690 -3725
76583 526
85837 -55795
48779 18175
-32909 -81308
-60636 50623
-305 -67214
-75823 -96123
-12967 61051
-61129 47291
-36704 -90069
13365 -42513
-10677 -51293
-18828 45531
4294 -63567
82467 -41099
72796 -47715
-17807 -68631
-59894 28156
-98836 3308
-70389 98544
-67991 96557
55099 -78115
60880 -66326
-13901 93291
-96103 -4130
83478 73655
-61661 -41621
82910 19095
-88798 37129
63032 -96752
-86120 -69342
-63775 80462
77826 -52591
50593 92807
63770 58876
59887 35563
17679 -35248
77921 16807
2388 -32563
-12173 -52503
-40569 11002
-67464 -13404
-24578 99141
-86054 -76187
-51541 21011
16954 -35966
40276 -73637
84663 -98649
60332 74636
-55941 13470
-16919 -6708
-70479 -54980
35983 -52085
-44024 73586
-19543 -33898
-83293 43764
-50698 15535
43816 2877
98122 49628
5039 78685
-66537 26779
44348 -57241
-58078 -4147
95287 -8684
-19912 76570
56475 27751
-76622 74357
64416 66139
-18519 87515
50613 -72493
43165 -59641
43355 82356
4304 73189
-85268 -75259
-17454 -18215
-96771 -89297
-30404 -34626
-19994 56301
48943 86761
-96903 -59870
-47372 64660
-6503 3886
9627 -11045
20386 -25055
51118 77677
-78604 -89394
99015 -22468
-64480 93103
83424 61992
38455 -31268
-18879 70546
-91231 98303
73341 45772
-41846 58003
-5650 -91886
-82805 -5280
84418 10483
74878 78504
46861 -60531
-27271 -84652
-47198 39787
-26378 4869
-39611 92622
-88313 92064
-70146 -13097
72877 86951
-51694 34364
59008 -17918
55890 -4806
30544 63855
-69200 62383
80594 43003
60482 26675
-73812 -11468
2653 -42985
-53758 43954
-10737 23106
-84070 41334
-3077 3900
37913 80718
34084 -33910
28149 -92553
-64763 -69757
-53587 -49947
51474 -7204
-77386 -48334
8924 8873
84548 -9581
59192 30618
44386 33713
66434 23155
-10590 72839
-59339 -71078
-2312 25199
18434 -82326
85158 -48010
57281 49826
-70230 64710
-65766 73147
7766 30238
-19739 76134
37058 -90143
-65600 94575
-64970 80389
38558 25510
82141 66304
59513 -95801
-85716 -89071
76679 55309
66786 -93686
32555 21214
31618 33799
7637 70623
-5615 59098
-20897 -80162
-43815 86044
-77148 -85852
-46548 90300
86096 -20447
38438 -53915
93891 17299
86640 92924
-64467 -81147
-7524 53082
35541 -81159
88030 -21076
-93639 1451
97683 59047
-55484 -96741
2219 -36224
190 -24068
1286 18720
-30675 96096
43452 45365
50747 -76016
-75168 -2875
-83129 20700
-87577 -84745
34573 38694
-1734 -11217
-21854 41302
-76444 -39739
-68193 77261
79683 21401
-83535 -5596
45784 82837
77333 -25339
45895 17958
-83987 -32080
23598 -60564
-24599 47111
-97665 11557
94009 -9096
-37948 -14339
-10973 82427
-75527 5821
4992 -86564
85629 58887
-47624 -58976
-13088 -7936
-83587 -77949
28899 -43658
-21801 -58006
19791 42210
74804 -5536
99242 -33347
-84905 -41171
-86618 31035
38967 11998
-33748 40903
15208 -5978
-67627 -65963
-30069 -60038
-22156 63897
-10969 87007
-34418 74988
81007 -68466
-76978 -46650
-81789 45992
-66643 52015
71112 19842
10856 94563
83185 57820
-9275 -53837
-99946 -45406
-80080 40378
74772 46009
76856 22391
89677 -5138
86411 -61763
64149 55894
-46822 87797
-71118 -75747
-14355 83561
-64193 60031
12823 92974
-21360 14237
69790 95365
83165 -62190
-49148 12110
49237 -68319
63843 -65564
67087 25203
-99784 -65003
-45322 631
-36328 23349
59581 95120
87865 -84782
-33336 23058
65680 58931
-27826 7164
-89644 -59978
41771 -73055
-38262 -39465
76218 81490
39225 51867
-55990 -25700
-11001 32467
92050 -81259
-79291 3679
-75964 -49353
28882 35175
-3642 89473
-66607 -16481
26371 54572
28701 -39893
-27871 -8080
-60064 -57927
-78675 23821
-7336 40142
-36536 39681
-41222 -26813
61406 11805
-20661 -14720
6120 -44603
-76833 -52078
2349 -37999
34894 -78474
78281 -24820
43663 52298
93551 78219
34163 -78354
-47211 -20882
-20262 52089
-65636 -53074
11142 -31771
26077 -19433
-59786 -15645
91868 -44306
73769 84553
10134 48112
77398 -29027
31404 -19222
57757 -89873
57026 -81591
-36208 46145
80157 40366
46590 -14755
-94483 -62868
-79602 -17713
-67934 27249
-49084 -40806
44255 54938
21845 -78218
-78213 -49461
-70343 22586
1411 59110
-57837 -54562
-99180 -36811
-9758 72010
21360 -30389
95063 -84045
83134 64997
-11929 85710
33976 54968
-21163 54736
-64704 -8519
52486 82884
-2804 18204
26718 76465
58933 35975
88339 6486
88751 41205
-55266 -78953
-1798 1152
-15575 42328
46890 -51613
60927 62455
32186 -65040
-23940 79258
-33133 36134
-12195 -33181
71702 -25079
-12711 -90071
-93377 -40722
48241 -17384
36471 13776
-86923 85384
-18729 -11424
-72797 -58072
20262 -32976
-12493 -67177
-29457 36509
-92154 86909
30554 90031
-49302 -37764
-57856 47459
9598 -77201
-51831 21520
34784 13830
-46084 -65196
-85577 -61076
52910 -98192
-94144 -66887
-64691 75542
-18817 -56391
-92243 -65869
-41005 99842
-51374 -45019
96275 -64808
-32925 380
-20625 -83408
-91420 -13995
-59528 89012
-95822 90278
37215 59751
53792 13373
88012 -14542
-47399 -51417
-20087 -31265
30653 74732
51599 55011
8847 -92911
-45521 -91988
-11537 9755
74172 93187
25245 -409
-53246 53536
55428 97830
-69657 -33095
61336 -83157
-71065 -54969
-61673 21432
-10183 -5617
-53881 73537
47241 -99957
75068 27540
4539 -7658
48780 24363
7744 -98509
-68474 -67541
548 -5578
-83894 44027
-65494 -45800
-33382 -65525
30029 -45230
-81761 -86993
7398 13809
45796 6568
16684 87415
17271 60095
61892 14926
62514 74128
-81882 97704
95051 54412
-95245 -68936
-9915 -71148
-64622 28876
16295 34513
-71075 -5701
-13075 -64384
-72236 -88357
-56493 -7530
81803 62061
-79859 90730
46545 -57788
-92321 20329
-15781 -28570
-29433 85622
31907 -58023
25908 -63199
-40852 12206
-70280 -1036
64684 89386
77629 78522
97513 -88717
-22358 -77616
489 -18345
32331 50249
-28581 -29956
92324 -43943
77563 -95679
-92134 62542
-76615 69756
44633 63947
-41691 30673
-97395 86947
68391 -49876
76467 15557
81923 44542
27786 92417
84431 -58381
93216 35261
64569 85294
-80160 -97436
39099 20317
14202 -38137
-50348 -30150
-40762 -45173
4340 -32823
-24421 94928
-55247 -86319
20213 -33160
-91323 -9305
-46007 -49635
5187 -83227
68325 26876
42258 99907
-28375 35943
-88896 -27396
97973 -61910
49916 42069
-75152 37991
-83530 40742
37294 -1460
90885 21640
-88783 14745
-31037 32857
47663 70750
21406 26375
26584 -26126
31301 69474
-2624 22325
51992 87326
19604 -50255
98224 23294
-56278 -68265
-30796 -62512
-54989 2684
88833 82221
-49630 -32065
53400 55453
-40521 83547
-94444 -46420
-42088 -90600
-47756 875
-85463 -15272
46020 24098
6789 80441
-55308 2522
85999 -70857
-78863 -12451
315 -32410
-22083 79481
-54459 -68526
-12154 -55022
81917 39184
-23995 -41351
20474 75848
9995 13829
16769 -1588
29413 10204
97501 -2651
8757 58993
-14285 45106
30699 -35430
-42009 -13690
96222 -78774
-53203 -34149
-44863 91889
5629 -73926
-91962 -73562
21554 -92735
18958 -24647
-91277 -12629
-96376 30940
-29554 30862
85753 -12413
-271 10933
-9952 -97034
58833 18924
-6235 435
774 -76725
86986 -4394
42962 -45222
-88149 -45378
20710 18106
-91800 -9306
-9627 2975
88650 90235
78391 -66596
50270 98344
41481 99759
94124 27129
557 8634
21496 35863
75803 -47829
-66945 86704
32308 7603
25663 -1722
-79722 -76649
32390 53944
-24481 49001
-89771 52339
22662 -4942
97213 96754
22282 -188
-75425 25429
68653 -4579
58953 1015
-70850 -40143
95049 -65673
33281 -24012
-21181 -31461
-14950 -78505
58386 82769
77311 -9629
69957 55039
1013 96325
22824 92480
89529 -58216
-95534 -94501
11420 24742
-86420 -24010
-72405 7626
-81949 -63114
48650 -75352
-30872 60420
-71699 -1937
-79338 99531
-29819 41690
-32711 1166
36672 -85556
-80557 -68089
29854 -30465
-75585 72328
72597 66473
11486 87365
-44609 89550
22906 -91461
-37593 -97171
-59056 77423
-96556 21499
-65881 52662
-78757 -90463
26737 -97050
75663 23293
22298 -52161
74495 3299
-31173 -3024
5298 81669
46135 58060
-16790 -54278
-35711 82176
13162 -18238
5028 -61249
75156 -87877
37124 -32648
746 -10135
-2278 -84827
80324 -33220
-89333 20317
42797 -78535
96665 -50697
-55825 -36354
-87130 52091
20723 -74070
3240 -19263
-43307 -17117
-5787 57721
-42791 -48057
-60500 39481
4508 -12014
-72206 63539
86169 -45055
47093 -15371
-94423 -46346
16652 -61482
71002 -74183
-84738 -38255
-50943 -85014
38001 -50485
-31109 52937
18028 49226
8882 -43614
-89341 -82138
95652 40001
57963 28381
-72721 -28814
-84191 -45189
93671 -66875
-36866 89229
16553 28241
46514 -32931
9277 -35278
9734 -69125
-32379 -67533
8663 -57778
13941 89985
-29410 51570
69958 -21433
-45343 29782
-55715 29230
-11024 -34425
-4310 88270
-88762 -184
-89992 60451
-31926 -84068
51852 48771
32961 40649
-93578 -49041
-60052 -55841
46652 79783
50240 63185
-68663 15741
-85561 -62706
-99405 -35762
-15147 15103
78467 33351
44944 87322
-60735 -19062
71378 21006
-46517 -90082
-79133 7170
64393 -7270
-9630 65170
-42977 29940
45148 18998
-61381 -89503
83130 -35498
78990 25791
-65762 79949
73831 73943
-780 45769
-24402 52970
-62535 -81500
-96173 45638
1383 25483
-20420 18941
90676 36733
58916 -56930
98791 38606
-74630 -50731
80271 -29345
19090 65854
-23516 67969
50221 -19558
-91668 13474
-53300 91429
47175 -20460
10697 -24902
-68429 -88578
-44735 -28131
61342 11385
-71444 -80336
-60582 19677
-80179 -53604
5585 35919
26999 -4369
54578 24561
93672 -71435
-73322 9744
-23514 -30505
-31721 23385
37305 87909
-21217 -11850
71765 11135
-73964 -16183
-88502 87368
-16659 53501
-12074 -31114
-57902 -575
26435 56806
48147 3824
74856 -27587
86475 51069
-63149 -77386
-14133 -17868
-51581 21827
34936 85769
-96411 -62043
74079 -59353
40881 51268
47911 8685
-79640 -78232
24420 39630
-87711 -98923
-63366 24786
86467 27253
83308 19679
21347 64455
48529 -35108
-98566 27713
-48702 49151
-74733 43903
-64602 -10329
-47568 -2429
49911 -50031
-5193 -98550
58544 75167
-91105 -60539
-16537 53087
47992 -53156
38779 -64226
85979 61081
-4335 21166
38519 -84743
-35579 -60866
-10572 9186
-60787 -86832
-31 98759
-16582 -23543
86369 -65251
-12802 14717
-48834 86664
-70021 85016
68709 -91860
10784 -18115
-19009 95441
16899 54589
88933 -84476
63171 -35814
-51762 14231
51151 -62825
-66850 10776
60541 85620
62237 45375
-24802 -89865
56043 -92994
66718 13243
59646 -75938
84608 99314
31102 10649
52457 30378
4473 82535
58142 -6013
92286 -15377
-75766 -15555
-64412 -80769
-71782 -27862
-16403 -49978
-18433 40389
-73877 -55642
-77222 -76667
32942 648
25842 -26015
-71277 -96345
94943 64871
-69085 63856
33084 37588
61774 -79227
32702 -49386
52633 -33447
93333 -22386
21141 90752
74547 36812
78787 -5421
-70354 9623
42494 -55782
73191 -13257
-12130 29123
97435 -96176
-43307 -15843
-34736 88631
-10320 -40638
-46471 -28269
-13853 -9371
10363 -37177
17320 -69047
87755 59569
-48975 45164
2191 42189
26101 89029
-4803 34143
74009 -14681
-77624 86697
90665 -53660
-50282 -67350
-76663 28877
93920 -31525
-98711 -95298
87933 -38222
37223 2816
-49336 -11843
84216 66822
92303 11541
-43538 -86379
-64282 42706
-73068 -44754
-22277 -32337
88960 31121
-85379 -95640
-63015 -33169
-18935 -60193
-59089 -22288
-60514 88442
-62967 19279
58280 -53678
57230 -59587
-95035 -76715
38365 -92961
49926 -92814
-6984 10835
30234 77044
-89378 7012
-94282 68091
-48846 26256
-20485 -29832
90080 83572
-75208 -29609
-78250 -89143
-52754 6504
27336 -96140
-25492 37183
-44659 89395
85475 86519
-49720 -45562
29298 81921
81194 -92565
11344 26150
36597 4020
-70816 33899
-28007 -28605
37287 10776
-60236 -11889
-43758 73658
-84380 34574
-98466 27508
59792 -56578
-20150 -10845
-63673 93051
21703 -78773
21536 -80801
17810 96716
96957 -2406
-11026 82645
-27773 -1358
33794 17730
81672 13346
-65490 -44059
-33428 63731
-2582 67229
33152 -88183
70898 15706
-47097 -98210
-77872 37772
27585 -77811
-10178 43546
82316 -92043
-87638 -47206
53584 40571
13818 42169
99137 -26404
1430 16978
-99220 -16196
45835 -53555
-91088 -76091
-77418 -27404
-4368 54474
-11926 9719
-51700 -97896
43813 95167
-24534 51201
-44940 -49962
-91181 90247
35413 73715
984 81715
2356 26001
-50088 55248
68092 -40444
10387 -46080
14926 69099
-44045 75682
28860 3676
99607 -82774
-52086 -72158
19883 2643
-95507 51479
96758 18651
-33297 -52065
-81464 -48609
8158 -89468
48390 72120
45461 -72804
21552 -3420
-77317 40383
86381 -71482
99332 94380
-12822 74713
39212 -217
-77659 51384
-49569 91593
42333 7570
-46169 98340
77222 50877
29243 31261
-11455 20156
-58981 -41005
45761 4393
-79292 -16165
-69780 1663
82123 3026
94543 7530
-58539 -8635
3311 -89888
-35700 -77956
79438 66919
-74406 -32848
-99040 16565
-31801 -59180
18288 47121
-50026 70674
67337 -8579
-48162 -33775
87498 40336
-51382 82784
54005 -44623
-30437 20677
69260 47404
97050 -65198
-33891 62466
-4972 67109
-13424 7198
51822 21625
-5438 73866
-41966 -70804
-63806 79888
65547 -16902
-48311 -88551
35688 3121
-44308 75236
3866 62974
61494 -18485
-31961 24061
-2644 4916
-2108 -46444
19514 -66603
74710 55821
-47908 -17136
-15902 -39862
39598 30212
71662 -86368
-17698 -80579
46590 74117
-10170 86464
-31013 57810
-88285 -6072
79109 -9127
-41400 32054
-94385 -94940
-60841 -72239
-75731 89645
-24026 -95522
9682 -97204
-94823 -90275
-68994 68824
27351 -24450
63522 25479
-96427 -9767
-19328 42072
34925 -6079
-65769 10891
-64071 40081
-58160 -74415
-45712 -16163
-2780 20038
-22751 -20963
-79022 11837
5943 82017
37658 -22176
9739 43794
68939 -19896
55458 162
-69541 36165
30406 -46371
-12700 68367
-48618 -36458
-29865 45237
93530 13377
53716 35892
62637 -15904
48508 21340
12505 10968
-8425 -51687
-45429 -48315
-80464 -78445
52575 -97153
-67668 91130
24982 54126
55433 35766
9621 5674
-4821 -99342
96536 28853
-31345 -86294
-91098 -24259
18307 92565
-71699 -98235
15187 -74357
95286 -52401
67598 -55511
-91413 82146
-18406 -21280
-65908 -34256
-84209 -51466
-68790 -20996
-79745 -60597
57944 -82051
-73730 -43038
88916 47849
24803 83652
-57688 -22132
-60589 78830
33378 -73030
93254 50809
-12340 -93311
95844 -22618
86528 10943
27179 27475
-75920 -83541
66565 30792
13061 -79879
82496 29897
-44515 -21097
-65379 -89649
75495 -41776
-63274 -52564
22796 83946
-97824 30718
42735 2764
45342 -92878
-27511 -35019
60874 -75480
-16840 42873
-47125 -53000
-9230 -1205
-67119 72457
81283 94010
-29410 -77809
-4628 9513
23345 -45526
92349 82903
75314 -70564
69962 48407
54586 -97419
8766 96460
84739 21316
-28883 59443
-41697 -51920
-40753 57975
-53264 12611
-73972 87620
19580 -23300
-74658 -35731
-33847 28785
13356 79985
-64655 -66779
79419 -9133
-85227 -10415
-10334 31438
-45442 34752
88287 -49707
38233 -5691
14055 11565
1340 -78161
35707 -77491
62944 37397
-37224 -89267
-71555 -95272
-36678 -1386
-95907 5693
-17746 -74200
-10775 28781
61114 51518
41897 80249
44670 68717
58413 27808
3417 11984
24324 75735
-50613 -74729
62644 13776
62928 -55687
93078 -9154
-82960 -2052
70445 68685
-37578 -89956
-73737 91052
27344 48864
-47502 62486
61068 -90549
33194 62537
69668 21090
-22831 66989
-35905 -64865
-66020 50792
-13591 -47290
55341 -61949
35969 -9684
42764 -62059
-67278 98378
11740 -36834
81073 73211
17827 34625
42454 67361
-99536 54552
-40515 61837
-85334 -60065
-7924 -99893
44108 -58163
67143 -73912
-73250 81905
-36032 -80348
-17724 -90289
-45297 88212
-44918 -62972
-93901 -85443
29764 62690
-2289 -29972
81464 96456
-96737 42544
-75465 -3267
-65329 -20573
-8693 24571
-61956 15405
45974 35861
46208 926
-29203 -93367
71627 29835
99198 61420
-9065 8115
-20079 54242
12279 63436
48452 -55072
-67928 -48024
42224 -77952
-81357 47651
-61426 -75401
-98447 30017
47234 84540
28345 57704
71667 39297
-57763 19220
-9181 5173
43760 23131
91062 67875
-29170 -79957
5521 -4852
-37378 -29707
84454 -28766
30974 -53622
-7502 86067
73181 23925
17218 98556
-37648 -53803
-94920 -58390
82601 -85343
-66925 33230
36447 40623
12004 93059
-27384 -56721
1168 8941
-39086 74348
51218 98600
-57871 43425
61977 31259
45562 -24001
-46435 -18034
-34794 85599
66116 18312
-97998 -7737
-57180 -2438
18051 49451
85274 -43828
86968 72291
58700 21998
58289 91394
98618 -12305
45210 83557
25153 98832
72707 18617
56426 18926
-15781 -26180
-3953 6601
61091 51109
-31976 50847
74507 93692
91056 80353
-99541 -96395
90890 11462
89074 -4955
-88368 -30163
84725 -60021
72970 54168
-22619 65870
36755 -18352
-39554 67283
45604 -16616
35836 23893
-86658 -55770
-46596 -21328
-4919 -64141
4267 -92148
47490 64597
-99663 -81735
-12764 41605
92667 -86309
-90242 -22339
6985 -13412
34201 -55760
849 41879
-70780 95220
-85647 86375
-9599 -92777
-51913 7672
-55484 -23435
90262 46659
-41943 10402
99964 75773
65570 76872
-7512 -91627
53830 -40885
-21366 95149
-11019 -53245
57525 -32058
76398 -50753
89691 69102
43380 11525
-50549 -140
-78495 17892
17450 40267
16509 -7335
73748 -89330
51343 -53993
55633 -645
-22303 31212
21018 57328
51752 -7524
88049 70104
16586 -80797
-2606 -56354
-50303 80144
31274 95269
-13127 -78840
-96722 46532
-39050 103
54267 -52322
-40578 52220
-8137 -38836
-14633 -32037
-56194 -57027
-8879 -41831
90245 -54814
28228 -67637
-82650 -49096
23475 -20653
83273 -97699
-79502 -26196
-9430 36365
61391 78479
23797 30182
-57271 -90899
-61595 77593
76944 -26660
-2094 99531
-99388 26884
-15263 -51377
75396 -45580
52525 91527
89899 -13913
-32960 -45490
-96190 52374
-76944 81602
16829 51966
-72820 85617
-38350 55498
-227 6888
44166 13624
-99756 -17980
-80236 -87349
-31759 -45112
34456 -82182
-49709 96591
94610 34650
-73096 66077
21279 -958
46466 -24697
11438 -30713
26372 -9645
86044 -43197
-39236 -75022
-53840 12288
37880 -54886
-72889 77848
4456 -38228
-45824 -29495
71763 77247
-82154 -87848
20053 85991
2082 -73535
86992 82178
25061 -38898
-35662 62607
-90968 -75531
95450 -25121
87251 9888
-4025 62960
51887 -56738
-91273 -77833
-20062 -94823
69479 -83239
-69807 65132
11900 -49226
27279 69218
-42544 -715
49233 40381
88272 59578
-30190 -21415
-83 85057
-52050 75272
-63919 -97359
82398 -70423
-25479 44287
74529 -91198
-74641 74584
-96575 -2115
6052 -3095
-43015 70231
51984 59928
49201 -86436
-64672 -60187
67013 -3836
25645 -53131
21616 36397
-6850 -26698
43344 -76331
74217 4665
69095 66838
-65637 -99384
-9389 67613
-23755 18476
43858 -17128
-4140 -48653
-65671 -8633
2592 -421
26600 39989
-64144 -65614
39943 96268
-64373 -13766
3931 -72349
-77329 -61869
15652 52057
-68761 79755
23668 -98614
27809 -9853
35868 51368
-30683 81588
37319 16851
-4046 -15860
-99697 -25702
-87460 -69752
-66195 93570
46701 -96645
87813 39831
64721 72827
31210 48128
-3316 -37041
44941 -61887
-97176 91801
-48367 16105
27678 -67058
63557 -87555
63711 75231
-29329 -45733
-2934 -76908
313 51487
-14070 -70367
-84889 92422
-95674 22081
-94645 -72117
91942 83837
-63336 54982
58936 87739
-45316 -93642
-63353 -795
14027 4153
-67493 -15802
46619 79597
-33310 -78641
-70142 71470
32684 33545
-57236 41629
-27486 79723
-37802 -32950
-52153 52518
-66213 -19258
86445 -76251
24162 43841
96277 -91425
-46492 75972
20547 -35687
-82380 97861
9064 96159
18979 -98269
-16986 -64487
25732 82966
-7778 -66115
-4801 -41604
41073 -4965
-17533 79212
25540 87633
58510 -15871
-34582 -66716
17708 -91242
60035 -97223
83320 -41885
67850 -46114
-49078 -31629
15925 -55098
-67436 -23645
-39256 -39533
84036 -87666
-73214 -49180
88519 52559
28550 -34234
-97233 1242
26107 -25704
-49568 32914
5802 33491
32442 -24220
-21550 10221
-58305 -19764
-47807 -32384
-84884 -61664
82963 -73173
42470 -3830
-37530 -93888
18468 -34928
-96404 46175
-42658 -85402
-55236 65148
-19793 -5731
-99990 -17923
32007 -6446
-96546 18007
62568 82434
12460 56784
97904 50523
-81229 3800
60141 59169
-64296 50183
69596 1722
23295 6597
-61228 19995
55827 85359
29318 59626
-23852 17844
-68985 13302
-69987 47426
-19774 70115
35609 21561
-65118 -35045
-35742 60036
83710 5685
-91792 67945
-53699 -205
86034 -1827
78893 -5419
95552 78485
70973 -6588
-56696 -87989
37726 -81906
88689 -97058
6285 94615
25769 -15398
20509 -28655
-76426 90025
-76440 14142
15301 4641
-62537 63259
22886 33087
11786 87882
39058 -70478
73592 77975
38950 36434
17749 -48472
76452 86813
26810 23597
83835 -83213
-23735 -38684
-46250 89095
79916 23606
-52565 74955
-23779 96009
-25387 -35249
79279 -9089
41021 -92286
70525 10217
224 49843
-20965 59167
-70650 28310
-44336 89334
66852 -31019
-5108 -63240
-36786 -38
30307 -1487
-71625 76147
9508 33791
53170 88180
40447 64102
53300 77582
3362 -25801
57154 -73162
10506 68738
-83713 -83407
-76628 -66009
37751 17098
-68034 25440
33430 90581
56753 78453
-19937 -60539
32794 74650
34443 -19234
-37465 64874
-1795 -63266
57047 12044
-90605 14933
-94133 -48233
-75052 81465
-67821 40013
58474 26153
-79527 -53379
-23411 -3684
60761 11277
44180 84068
-99639 62588
-68574 61994
-15961 13839
-55213 28711
39756 -23612
64302 45632
-29468 79553
-40454 11328
-75405 -77182
11231 80199
491 51965
58402 -83261
-80022 53909
-81012 -13827
-1940 -61873
20004 51258
-79307 14137
-63628 94458
-19383 -52599
-69107 -7973
-93021 -3764
-58291 55791
75710 -87159
-44380 -59081
87075 65261
-28280 37942
-99954 63980
-16424 -51604
-95814 -85313
42015 30129
-5149 58613
-69350 1628
56383 -86956
24938 56395
43180 -34913
-69289 77194
91925 -80797
73219 -95746
10256 -97389
-58971 -92864
-1712 78068
-902 32799
66406 82061
51211 -43287
-69440 87976
90271 -34070
5386 763
97176 -51635
-34415 40080
99407 62666
-12097 -775
-2262 21987
34550 -5474
46017 80842
90760 -20679
38139 -98425
73658 34878
-68159 16782
-40485 -2149
35222 74321
-38168 -31775
25834 55203
-25184 64780
-28192 -8839
-77974 24854
38668 70175
-96797 -21638
19233 99062
-19671 77111
98248 -28120
-63956 70369
-34048 51239
-50164 88695
-7728 70507
-31078 -19607
88850 67734
-95142 -74915
833 -80323
73391 42534
-52830 69769
-77282 -45145
58815 -34094
40652 67963
98371 -4705
-84355 -67222
-63548 -17597
-398 -36659
38277 -8537
-97727 74595
5367 -13880
-27492 1300
-77761 41633
36003 70934
65317 78118
77529 -445
-74329 37794
29940 -71521
-50838 81188
-88447 -99955
-89414 -18128
90324 96977
54862 -63857
-56060 6446
-31869 41516
-13193 -90631
-82596 98795
-62833 61050
-2740 21417
-67384 -82818
29903 69718
-97354 -79747
17765 16089
-92894 -1342
52462 -28877
-85821 57089
-20090 -97772
64009 -76506
-4204 -24469
46438 86095
-2308 -70444
2803 -76199
-8690 68160
-17849 -73125
627 68890
31219 27744
48572 94370
-29858 -59132
-20774 70070
-20789 -61227
-70963 45282
53984 97008
27337 29718
29458 -84824
-65214 -86327
-34747 -78272
74979 -53480
19490 346
-33086 78844
28942 49605
-66063 80230
98030 83572
39904 -13566
-91484 -14460
32085 23140
44267 25725
96320 7665
57058 52409
-24428 5794
-3536 61592
-61299 -33025
92088 -13047
3636 9490
52765 2051
-25121 69795
73953 381
-58873 29606
-95165 -51194
47251 70412
-42896 -59098
21201 -56082
-16910 11646
-30595 39528
-74592 -32687
-10539 67081
-75226 61120
-17620 67350
10904 66961
88142 11076
-20065 -69586
33669 6464
-89340 62290
49187 -56114
-15402 -33286
2829 8252
-94843 5160
-51310 -44438
-59610 94782
83885 -19558
-82452 64108
-15919 -14549
-87410 7798
45021 -87167
-81999 -26223
-81298 -62126
-39337 -63826
-9524 -73310
7232 -85263
-66743 20799
62458 -74481
-45070 58694
64484 81209
61923 19614
12429 -73182
26960 16121
83076 7699
-6472 15827
46332 -51783
-6126 2862
-82731 36354
-74115 -89180
-51989 -35045
-52412 68982
-85317 -78000
48329 -74347
61525 -36915
17984 92029
9178 25387
20967 -68620
45874 -74594
403 91182
46816 2581
-45203 52964
42646 74649
-19643 -40985
20862 30394
3530 -73897
99634 -55891
10682 -472
33621 92941
4930 -9572
-21511 1306
54595 19990
89715 1498
-93352 -79055
27249 -37506
56988 91862
-64050 -65298
-35996 45430
-89843 -5377
-73665 -59967
41643 -10687
4791 -68869
59555 -8120
92395 -34931
-85296 -78562
-2241 52932
20476 -90025
12693 -54491
47985 34807
63249 -58853
68000 -40588
31765 -41632
73405 11667
90152 64931
80105 65251
-10629 -61003
66605 -35103
48785 89175
96515 23464
60435 -2166
9103 41579
-93759 5811
64734 -95944
-28614 -74025
22009 -81506
97445 -24651
31374 85187
-27967 -17769
57548 -53578
-42275 -52113
1727 -72537
-15037 -50548
32067 -41238
86326 -44422
-38810 23517
-51007 -75479
74372 -34586
32044 -73580
-46829 -74046
-6367 69349
-59719 64177
-57078 61610
67806 -85979
7622 81418
92864 -33446
-68373 50092
-34262 12547
96106 -18361
-43385 56788
73744 5972
-82271 -84193
64784 98491
69500 72924
977 -34041
-46857 -54388
-70941 31593
52789 -11624
-92395 37549
84541 23353
-18354 18045
51139 -95092
-37286 94636
-8110 -1100
58782 -38176
-30692 -49596
69804 -3618
-47790 87660
51619 -75526
99393 -55569
92110 94882
13044 -58338
28274 47251
-62506 33
97303 77362
4941 -41444
-2902 33262
-24858 -44302
54832 -87179
53092 70148
6600 -29401
-85858 -60848
96651 -97262
-24193 32677
-20617 65128
36756 83131
38156 40109
31242 -13236
-95000 9477
-23367 15462
57142 91856
1597 81419
56882 -89249
53305 -63458
-78760 96511
-67172 38798
-28619 -70755
37830 21511
80739 -26109
-54990 25536
-28556 4816
-79350 -67826
-59394 21810
20399 56988
-97980 88377
-49302 -54645
36187 -62371
-86995 14744
69001 -67278
-17731 85900
-50568 -60735
11436 -17129
32300 97958
11749 8911
-97721 -90269
6024 31109
-35534 51096
-55982 -47675
71206 -30577
40813 -64928
-9649 96316
-65479 -67137
45813 87472
-97390 -66248
-83761 -76915
52509 48017
91621 -40890
-23896 -67821
93380 37778
-127 -57352
-89940 -88512
54709 92288
-17647 19588
80888 85090
93611 60680
43538 -422
-8091 -52803
-4452 -46885
-95257 -21427
37058 44828
95347 -22003
-7328 79193
-42778 58007
39487 -94644
-25008 -88162
-41056 -66573
69549 -1835
-74988 -21137
-58393 -57767
50509 -73776
-93416 -82480
-59860 -44442
-20453 -47070
-43893 44424
63562 -77012
-72564 14807
-99280 55045
-52700 32062
18815 75515
35066 24345
80101 75532
10097 81772
1735 10110
30028 93744
-77816 -83315
-88493 62510
28063 10834
38244 77827
-62143 -62887
-355 -95709
1900 95062
-58207 -47996
84402 44137
-67293 -85496
-49136 -7051
60047 -33908
7166 -73836
-53878 -68949
7422 -41632
53823 69437
22902 -37638
22240 46876
-88520 -35074
86743 -10115
-83199 -30527
-5795 -18298
-24131 30775
-77555 85039
33738 -41907
97369 57598
-22598 15524
42880 29235
-43363 45415
-44657 1899
-35289 7192
-29596 79488
-16710 30208
-18611 -60463
-27178 -5083
-59477 19476
57393 42821
97703 81390
98744 -21656
90222 76390
-96282 -38917
-2688 -50672
-39002 96224
-7965 -92623
19482 93005
-9762 -33936
-90418 -15156
-74826 9608
99068 14717
98411 45661
-50614 82908
12217 -61179
-82431 -22107
-99796 34580
17821 61489
30490 78292
55193 -21048
-1820 -96372
-90120 -78924
18489 -12935
-61828 -25989
20054 -20183
-95322 74458
9893 -27451
17647 -11905
82322 -15973
-20067 -55440
27004 -79191
48866 -41509
-68241 83105
96020 57454
-10444 57992
-37486 11945
10871 30629
86663 -78454
-272 77992
96227 11346
7488 75375
-37147 -67601
-65857 -56890
67999 27655
-83067 -70274
79167 -53537
-1641 10632
51948 -22630
-45238 51388
89316 35383
-8955 -19282
84454 62062
-82697 -7268
-36413 79263
-14115 -3900
88366 -95671
-12201 68587
37072 51628
57956 16466
-75653 88648
-84894 -31636
40521 -40170
78824 -83950
-86414 -99762
78681 9293
66784 48339
88675 -39157
-79700 -73230
90920 791
-84904 41411
79522 88735
-58230 20832
-58641 74838
58663 29772
73560 -99681
19414 38295
27040 -99332
20277 -77320
40196 24624
83237 -98748
-20854 -36651
-99418 76592
29316 -59973
-84347 -73044
48286 10301
60708 -42835
1369 -17064
-90875 -73629
-73406 -80311
-81529 -96014
-42614 -16187
-73322 78361
89878 -71512
-78702 88007
40566 97620
-13427 -33704
17553 -86156
-37736 16173
88152 -34823
91515 -98669
59184 31707
81486 -36742
-60389 -37752
-63074 -55897
91542 -6094
96085 20507
6153 79250
43865 95332
-63329 -77780
86713 828
-81272 -72354
-13611 50666
-76272 -5588
39611 -12476
-79329 -7049
-61782 61416
-71827 -82861
-55198 25679
2327 63419
38750 27629
91562 77194
96464 -53341
-98466 66065
60143 38303
-30022 -33068
-20498 65932
-21536 -9313
82602 31537
-54683 -69181
-60471 45198
22637 49401
-76568 -1409
-44313 -65332
-7666 -10987
34448 -81814
-6995 -26749
-16531 -40917
9266 -58466
-68818 -60271
49132 -42337
34268 -98692
-82455 53739
-86551 -27714
-17048 37485
-65464 13264
-19639 -28493
23889 93552
-95008 -57840
53762 -2127
90972 66865
-26270 -28871
-96146 -48208
73926 -93750
-17538 -80620
81421 41068
355 -94413
-18313 81866
-89070 21328
31855 -30308
-14858 83401
51716 54849
-45523 -78817
37824 -78502
49362 -10083
-45910 -32895
-12229 33308
-51243 82266
83932 -36861
97453 65753
79812 -92802
89823 -36429
56063 -6533
-87091 -25227
89819 42022
82621 -16337
10304 -15930
-87269 -92430
-84851 18881
-83348 82671
13968 52428
-43112 92544
65289 14316
-46703 67046
56829 -579
97934 47790
23874 66102
-10121 -22057
93577 -11856
98785 61009
-91726 -36950
-68322 -92661
7295 70427
56800 -96299
20577 -58813
67117 -34949
-53514 -85218
-48215 -72616
50309 97278
-1719 -58253
-59830 -54138
17944 -9602
44088 -65169
59788 44202
94190 34787
-86008 27004
20096 -44358
74397 -49083
20750 -50451
-14751 94862
57515 -50405
-53532 15642
32303 32882
1304 9092
14317 -37505
27633 96298
89863 57037
20839 62411
45106 41279
-36750 -27536
-89362 -87402
-90490 85790
-72806 -59888
44955 90844
-59615 -99133
6633 760
12029 3418
-15768 90574
99393 -97699
58094 -88795
33527 -49304
-70116 31694
-92847 -82307
37141 63058
34803 -88015
5811 79470
86299 -87216
84224 44916
-59916 -39322
-11552 -7810
87927 10459
-31293 13449
55861 -73127
-15732 -13556
-27195 30264
63018 42805
83185 -47956
38937 59941
82713 -22184
78636 -90500
2971 81896
-43960 -71601
-4944 27163
14461 -755
19194 39315
50490 38715
13853 -34097
-76722 -76933
81988 16434
75832 80279
33424 -49303
-9748 -95461
-51034 63005
96285 34254
-26154 -75718
62202 62268
-17959 -21053
89219 -93970
-45581 -59692
-81607 -71302
12412 85023
67249 33489
79773 -75697
-71049 17281
-71234 15870
77953 -33722
1983 98356
-23925 -47726
-8356 -48500
79432 32050
30878 80206
-74602 -5089
77112 88221
-43327 -65095
-23316 -82753
68647 41680
-1959 47134
-32133 48401
-16553 56762
-75235 -75337
34053 -20997
5488 57976
-53671 -4076
-39715 -16316
-97128 36944
14386 -97082
-39125 -13658
-2181 32205
59624 -27662
56377 91551
67629 94046
-59404 -88481
47223 -63727
68237 54848
30489 27674
68827 34881
-73265 54769
97996 -48126
-25282 -32578
-51419 -18812
27936 72988
-67967 39739
2860 65728
-19195 -88302
-50686 35661
88776 -88892
-99615 -66787
-42966 40007
-61593 -6031
-89247 -89945
27686 5436
53195 -24802
68117 79505
76183 6105
-11654 -54055
-42513 -7798
-76244 -24812
-36385 94641
62012 856
8658 81494
55468 56538
5534 94827
38897 57718
34495 93521
-2265 -42011
-86533 80748
-43331 -61475
53501 -77501
-80208 56835
71622 23355
89545 74699
23352 -96631
-21827 -3426
87351 25197
69598 -37608
77994 37550
85311 -70742
-45413 71148
99902 58367
36300 -89601
-54991 82661
-91630 -69643
-67523 -23261
-64468 85230
21686 -58885
74848 -94823
29234 85303
91948 80768
-66814 2164
16654 -57678
70366 -90702
-76077 -64658
-20006 -24084
95437 -72590
83938 82353
-77403 -38576
-79466 61222
-21655 -93117
66328 -7005
70891 -98566
-38958 -97880
-96490 28482
-12456 72816
-91684 -99993
-62691 -26182
37962 -2263
-58287 -6022
-59968 -64289
58738 73028
50362 56560
-18699 -91879
-98708 39333
-81482 13423
84643 68011
6957 85065
-85560 40190
31273 15219
81280 68246
-94213 -4560
47797 7177
-32400 95429
90100 10119
-55609 24859
-80289 26555
21190 -57366
-51856 93299
42632 -85670
20132 -47080
-99173 -35823
9964 74120
88173 -59696
-6950 -47756
-40622 97771
66464 26493
12698 -28214
-70076 -36702
-74769 -56815
-11040 -14128
-81979 -8827
-5058 -6341
-6288 -41913
-53179 -35677
36920 -78859
97558 16943
95087 28360
67418 41610
85476 73676
19003 -72704
2379 37856
-49260 -53381
58394 -6783
-86143 -50596
-87290 84846
68068 -554
25370 -65740
-65101 9653
69235 -83695
-19592 30086
93483 -71273
15323 -61763
-99787 -50479
31406 84338
4367 -11686
-22179 -48446
24181 -38337
83493 -19836
-59567 -51678
35264 -99506
-55770 97417
-48387 52074
-46928 -1889
91572 60826
-6539 -42236
72374 69171
-6733 88917
-66187 -26349
-77467 -87497
-53594 8873
61811 -70481
45036 24396
7024 16514
75265 -36294
-49233 54734
-30780 20912
-18960 -20086
-14144 96065
77114 63248
85164 2101
-42052 70579
-9123 -53397
15939 8650
58286 35264
-72150 9841
-42369 -72070
-98084 -73610
-61318 -85290
-47619 27217
-54950 36558
22846 27866
10059 38726
88543 -48538
-11870 -86647
3061 -62253
-3463 -40716
-72662 44304
-49076 91232
38641 -1568
-91544 98373
58227 -60000
-64145 40926
-2898 -58710
18996 -45351
-58768 -28855
43684 -50103
18198 -51394
79255 30082
-39480 52150
-41941 -35523
-79481 44933
-67797 90103
-86696 98347
-99409 -42388
75466 -52550
-23931 53948
18760 -53324
78330 -17155
-7990 69133
-58377 47253
32465 -66520
72120 -68085
-5938 -53360
41085 78731
65048 20842
