1000
1590957487 387527949
-286246127 1637218578
1264683622 -1988969265
492795548 -1836294171
-1020980358 782670711
85856522 -707528543
2139529974 1153010703
199759059 -1510158479
-1793378371 1987895369
2117594973 2086354975
1408905257 269255061
-1878222233 -422977793
-1299547082 -1201578851
1303851518 1452257667
1290493371 -1616162801
-2065610591 1509402084
2028769780 929693863
-983220820 -814373761
1021362360 737902532
1255551566 965549067
1881483060 978924067
-762715254 -34615729
887030796 1150565711
-175428210 114594194
-175175234 -901749949
-1349020789 767564423
-449822327 -612982015
943650311 -958082941
873174876 -395269508
-527307012 685157916
-615886292 -1561443583
-392153022 -1201444790
635355379 373587620
1170226159 659278183
-782144687 633224297
-1410315739 1315658858
963661571 -1553179801
-1561816552 1522850816
-283707625 611833923
708027125 -1512158977
-770744714 2066030210
-529907196 195774751
-1096069293 1881240441
1940614810 742639940
1649693127 -245298384
-1129806580 1797427048
1459861182 -2978406
1273478576 1051468874
1857420391 -167264689
-1709650868 -1601112437
-1736273697 -1618978738
-2012419569 2103172252
-153637977 -1028942968
1460789734 -931996666
-1898762308 -796044425
668418507 -2009351095
1879271923 -1742758194
-1727367480 -1573005290
2124278810 -1018798174
1162385318 1171726744
-669079247 -120310271
-1246666420 1910234126
1934391685 -110331372
-411192479 1771329798
-555966332 -1046771123
474881334 -956675276
-51139778 1300808009
-2033256232 1121962631
2005124447 1383543744
1948999885 1868760782
894949746 1434802068
-770698544 31263750
-329187572 156006471
-2119580179 914823967
-657227674 -1745677386
-620541340 -1067077056
-1055921400 822642518
-312429349 2012930947
929758045 459769592
-1594143725 649393167
555222986 -1178568445
64017389 -907798127
638998798 -544771539
614340195 1484864884
-1870315150 641045696
70079448 115876371
-1486387333 -1729075740
-1504721461 340957023
198309037 -104956695
-1371393320 1650350433
470122236 365854557
-24559055 -1876575850
1751467306 -2109624928
-766146131 1235822005
756625918 1342517913
-1029020406 -683395586
1254969620 902988641
-1103624412 -1268561964
-217567460 1070139589
-808039485 1882781573
83481873 1426747971
1267709908 631373363
1351437569 -1138896777
1190621188 -1563772148
98613538 1756500374
8644625 765036179
-846219647 1656142019
-186475400 -720773112
1683413535 -167961443
-597802170 -288921351
-663362329 970610343
597929062 -294038505
-779448297 1336940433
1790356941 -566109439
1242862614 691203853
1106072819 902702298
-2854639 -416751968
-1230945680 -2142737225
667785597 213944681
731401236 1564196052
-330926733 1938444686
-610811248 1861862600
-201654416 -2073226290
602251877 -1681649257
-1058592295 -377142028
-899128143 1882681954
-481830272 1331030584
-791529885 -1945036352
-1995394099 -311817946
270002988 -940358293
-2067265574 221202923
469424248 -350389578
1582096338 -1283725037
7897490 -778695046
-954799728 -1375044931
-1685893638 2033892734
-1988938447 1485268861
1481842376 332395308
626566162 -1043986261
-1797461890 -2062340805
33909403 1239482302
-1235034370 -849925609
382169271 -1608758709
1965749464 -1742487723
-1999887556 -1750483381
-1471772698 -1687250196
1426634721 685394266
1703925256 -809767327
-1639306128 192602861
-2095768952 742827936
-365477585 1206701936
-1804299411 47015727
1648723888 -1307911241
687744045 347983309
769655113 -1900832426
2095165299 -1838524620
1189788699 1371500874
-521243165 -931212665
-1795479978 -1036027125
1849783723 659706107
1371427760 -1410412935
-457952308 2123795548
-1354789262 606816860
-1100560461 1408180871
399261662 -439981301
-245054729 1538960621
1380759276 -1758641295
1772292620 1570090959
-263254327 592646764
-675343148 305837067
-968390859 -1055671284
1906682531 -45417861
-1133923631 982208398
1764982542 -1712508042
-1381197156 158677686
1939455703 1353661054
1645088158 -909554194
333590292 1899345651
137075494 -2038689442
875851197 1523509257
116515061 1306683209
131788495 1094676022
-378245266 -2088777666
140409966 1994686939
1186853437 -2103426828
-996333603 -535652627
-856959969 -1269795668
2056387311 -711537732
751679178 179504322
-523989149 -109003871
947449565 -779045540
-144395686 -2107247691
953602655 812654089
2129469751 626021529
-353745752 306510681
1040907779 -554241204
-441203756 1943442823
1977797006 -761213002
-705875050 -1064591026
-256565168 -903838246
-922270350 10573937
1047830068 1461281764
57784672 696311578
2031163370 440960579
-2039651772 887128701
-1555748121 296944451
2139757939 -1502580882
-594361293 971822838
1502094684 474967404
-119925493 -1764898332
1331711675 -1546302740
248318031 -1112983310
180597885 -657756155
-467675116 -96988201
845593401 1310625725
-1295468218 -645849222
126777125 -910928829
-384282360 -697024648
496386102 -314657863
1104341186 1908138659
850491396 -1327313402
1565824747 678750466
704269811 -1200260173
88199103 642653735
57383092 -752419918
1732227954 1609826573
1698099887 -1793861926
-1090294495 -1462252532
-240945882 -381347616
-773540728 -563346320
-1018619180 525635547
-1489814132 552627835
453836660 795132712
-812811143 2059340496
-46129023 796104162
-1182680184 1154331484
-741088454 2024862364
151711704 -604800473
1001269000 1827296502
1504926046 -295676751
-1611785026 -1064831705
-596823329 615034850
-1902167720 1740867246
-1650508302 262522131
-1806938660 1734820217
701321329 1959098725
-478999842 685940513
-1529893772 1609971048
-1393629421 2084594157
242734046 862974091
-1304862977 -666974114
1409757514 -255229626
1192179116 1258986447
1694064979 418078509
2018920060 -1674977991
1236586147 -1796312780
-2098930412 1985572432
-1224823921 1615803027
350347683 412536975
-1611479190 -188421680
781648811 -313414424
-2029396239 -1365629786
1406109459 1628192274
1620342960 -1876942938
1197310332 786330776
-1682477129 761994298
500440046 2088740233
-313223471 2016819829
1425714478 925779725
-943510539 -879356092
1610509992 -567694519
1429668461 -1186242043
-1039315494 -805355182
-434990411 -1570924096
84611643 -1060694297
1377110190 -354645507
-734442606 -1497850707
377249474 1251911125
1173832988 -1118075041
2008698423 999617211
-1561126701 -2033458356
-1905025113 -362608468
-1145619970 -305368563
1321967787 -1550937090
-963057956 -2034086177
1489354432 -817552657
-1260171483 -531940769
-636728903 -491524743
1179478829 2015868091
-554364880 -1085671354
-467984936 -2053146227
-1181594172 1787647755
-602313706 -1549199363
-254346641 -318847772
-76385451 -835936677
1926588953 1181665284
-81515469 -1879902961
1728944147 -615805532
786293995 -131090130
-229296919 518242237
203059173 -1974393209
1804434711 -1836799487
-1081127971 -406786640
1717567967 -644291225
645274880 -1870177449
607593671 -2142527544
1479582747 1497922726
269452021 -1196870289
1962863354 1858742653
106475641 282518476
672390245 -988347729
-660978365 -986952639
966398421 1164623032
1290649587 -312564827
960392475 1356725168
-1004352587 -509484660
1540314247 -405363226
1460094163 -428124092
1831158205 -147497842
-877307982 -1021053989
-5209768 -1972225868
-1639294119 -2067359769
-1750697002 -10760109
1283599492 869854863
591481620 1746412658
-2137183023 -302330310
1315849952 -579429324
-1698339961 1755062780
1418790516 -807062545
1220916624 -932883998
-1423868459 -51092792
1809862179 1016318019
-1273598783 1062629418
1404355269 1094820775
-1580651596 -1504595322
354337083 -566169246
1766276405 -542807917
810667271 553298423
1778252911 40848975
-1281553706 -1630881251
2143354793 21080808
-1890791662 700236570
1324867889 1835686382
-479411361 -252210760
1869652070 467445864
-71201392 1550244765
-2114951663 682885453
-1662971227 -1685976864
-1195568484 -631233805
-751599370 -1201451557
1500898988 -1834010233
2060281444 -275547232
887654058 2126676928
1896129465 -630639260
963239811 -1210105509
-758522610 199482737
448522408 -1493865708
1822028889 2047072558
52365313 -255311280
-318396964 -1759800451
32123599 -1524320043
1414265787 -1615914093
-172115416 1172579987
-325973865 1713829382
628354860 -375129241
664965823 -1797928625
-1637555433 2122855167
1766843350 -1820034288
-883649409 -1550997232
-1058909726 664626678
-1002696031 -1652024922
-1238778266 7598837
-576231787 -762492579
351463878 -1438637956
1707450258 635755097
1682868505 -1701537798
-967735565 -1519467401
214817141 6243146
1237974731 -586458945
1094349269 -1532484839
1785505389 1177320159
-624782892 -2032666464
1962831068 1988144407
1585384404 1402381169
-618914059 -214007127
271972000 -219217449
-1331398909 1472788112
-1731670183 -486367436
1515539396 -2130623466
832525632 -307540706
1050750478 -1404124714
325057601 1116798246
182465686 -2020567210
402178809 1721627676
-1469603134 -1245286039
1931450621 1128817395
-1631396741 -790313389
1060325301 307808249
-412160624 1399578137
-1678969288 85455819
-1238478974 -731634984
-1073556777 -689085516
1215495036 671928441
27050461 2074497146
1825129719 760623523
1205044269 1281667957
1285800456 2109970968
-1977545378 1318409399
681350917 -1325993995
-386930813 2090117604
207794569 -1727733950
736404800 -1467010745
-576013152 1935346105
-1361540956 278480626
-2144094191 -999744666
-149232170 455837800
-2109802674 -1531851626
712041039 -1692737524
-445300023 1367866594
740802607 -185211292
1206978906 -1470622659
320773038 -133381349
-1630764162 -656561582
2138494904 1370445080
48576055 -1964761501
857721377 -1957051845
-1922139579 845735285
1436895353 -176623457
1772291247 -1487555514
-1466794346 786086499
-1191108443 -782008811
-764763447 843362539
17984840 652054356
1684793228 -185989726
1778793536 -735495996
1329122453 -734660911
-231944477 -952104321
55511320 98550518
1982271555 368290218
419712611 537408326
-257609770 -2102609840
-1073279506 1104713525
-1917527487 1077044191
1357673529 -753306127
-773118101 71528634
-163721285 994205513
-1851454862 285140289
-405006060 -1733028523
-1778526207 1109674609
-205144126 979634441
1057308592 -264933860
1732530453 892700295
-1276510444 724307917
1582050097 642592691
949296583 -1930402411
-1919038615 593988912
-1896753154 1667300900
456611158 -825694004
2044427714 1840400026
-543450988 1918330681
-1803947531 525949866
-111739438 690648352
-1434072976 -583807421
-1464852174 -403694255
-1506604084 -971427439
-1427873455 -2106858277
659241737 -1793673683
94266973 -1053257587
-828385316 -867651446
923786996 -969740697
261181034 -2141902186
783878349 207978639
1640068809 851491499
-1449564784 1623374346
-2057263524 -408312229
-396220740 1897075876
-607192103 -925010110
-1735351321 -831268381
-361196681 519520030
1617273894 -1272429972
-990982115 45701871
1727972903 1373706876
1550747555 2140104234
-1265606370 -1458121644
2073849466 336453018
294772118 -2001040929
1401559918 -998800582
618109584 722464848
-1492178873 -69280219
-1106659448 1421602959
-681796179 -1034950009
-508673204 -714562768
-1953930711 -1825549585
826760135 1292171038
351207801 754846050
841943392 -1220129762
-2100415147 -961966581
-1987681797 149643917
1865690653 -194062768
882298363 630101817
-304243249 -378549018
193393007 -67290233
1824165323 1987731500
1133307502 71988381
-14124652 1107023473
-1710123646 611520165
-1261056398 -759256923
202508260 -338919027
424308680 404923643
810161782 -1485895606
-1178763639 -620071977
1426418131 1199872056
-1498016511 1193876705
-1981546130 -1314313348
-2083045749 93836521
-1633227649 893099582
656627449 1775423912
-307512427 -830407244
17249437 231339343
1945220785 1408330237
439981612 -2053706032
1037776623 -1723543015
711063008 -359299029
1918883966 222186576
1120742798 335507869
469454704 -845742162
-2018053795 1509387530
-1136143142 -88696996
-430437704 261041371
-904312605 -702219019
854066640 544351785
1565311874 -377487490
-1176906322 723022109
1431360622 694206719
-907743825 1778444373
-1597861821 -68166706
429792516 688439787
523831246 -1611399697
325340963 142225483
-1547589125 -155577381
667501409 1553030557
-895009976 1032300277
-383452026 1119481487
1760607982 -246483577
502947364 -1506714046
-1170573613 856029218
399194644 -592319843
-269812631 -1095418877
-177239399 -1472769965
-1735542873 -345504600
1158305141 -457773201
-1370447074 -116049755
392162547 -1542876920
-1697488851 1135950429
1420981492 -873837804
-726199997 1896070606
817581792 394256429
-1384144977 -124917637
-1105816265 -363884962
1225972712 -1611497984
-877798270 400551951
1400472812 -301019377
-483453552 -47353263
68780101 -532556335
921453238 2088216079
645647437 379248344
304330989 1137935645
-416985966 -2052750081
1254554815 -1170847334
1986517472 334596773
967437535 1805234099
-878279209 -1639033008
1862885029 -1726563822
156982559 -861126988
-597161825 1683716660
2008698613 1126866155
-436264388 -1909902553
-1420978962 1079685537
535590484 -1282036274
317095296 735734519
-343514453 -1734129752
1056336844 -1166283942
-653420041 1300111650
-371789944 -2104699862
-2018505450 606349770
-1493008660 -1387978307
512963704 1967678615
227471548 585857220
-198287354 -1221894554
-1412325788 -939183336
1852770114 -48296687
1630138501 -641640343
165085039 -1924221329
877768063 -1850862066
-1235967372 -458856665
1876769655 1665059092
-1829521242 854208248
-1842260515 -703623510
-1018014236 301422330
889019596 -1597463671
-71493198 2017079913
1436629824 -382759573
783951168 -296269218
-1843672774 -1157497401
499796462 -1471046555
1320465334 2071625847
609947116 1636850788
427603389 664662218
-1204031206 -271710114
-1262006368 150906355
-1804308094 -1247992836
276194057 -19786890
-709552613 -975840288
911331252 -1312792082
277133700 -451437456
589108702 -1189141890
-1151034166 1701767002
-324269916 -1606644765
457337794 -1933730043
-1656670800 1463911354
40974778 448649089
1546868675 89741957
807774461 1398360052
152237067 1161936691
-195804732 1023013612
-391025594 -97764296
121093732 1970921297
220662788 -1952609709
-960546795 1334893378
923392426 1009340824
-1352937696 -1062815417
-231127241 1891368519
-705548115 -1887197636
-1022048107 -273612579
1117052286 726254807
-560449124 -976459234
1152270840 24485071
-1735112115 -1656357797
-1977409804 1775544005
1381348889 -996421729
1335833471 -485781984
1637559375 1504991171
-1660670357 404723481
-1763022188 -206698271
-1675669399 362085818
597127825 -2094671133
1992589317 987477662
854852942 -510428880
372162043 1278800505
-560113530 -2087909019
-1661296900 852251074
1382921087 -238472846
-49167955 358194859
368805461 -1049836658
341434216 -1021577301
147728225 -1770264197
-1080170382 1330130258
1410873634 1894412302
1691888945 1845993211
-673679664 -1829949751
-1794713409 -717013932
-29037109 -17355546
176937316 -2077876853
1235682609 2016820372
-2071554682 -1211826124
-771418882 24345672
-1721573168 204629274
-2085589348 -1283706722
-1885412339 2104627011
21795358 -1244401283
1206931 359310895
4477643 330210524
475684140 1126205211
738332153 -1267104948
1675396328 -1959745251
-556765031 -797441083
185191050 -1401790048
-378908882 900692249
-481895055 1363151679
1490397381 109819460
609574846 1695584100
1020838845 -1947911083
-2010915823 1067557188
424167824 1909494693
-1944626047 -1904268462
1500387167 -976927823
-22813355 612971921
1249923103 -602091396
-492897366 627160534
445470494 1304021706
1738689828 -241713318
-353793315 -1410957430
1131038998 -379693005
-325584998 -1613976080
19348399 1139270389
1723351469 -169898098
-1557530491 -1073664819
1527989010 -1709649137
-1025395932 -1021637848
2130835365 -848023975
-27606180 -861726758
710576541 1267441523
1526373218 1688624054
643570594 420483482
1959554396 -956723804
407948898 -1093723792
1793350208 283067461
-622821236 -401158095
-1793226491 -1702152711
1240902216 -210069736
-354572794 -52412605
660381830 -1665698114
-1487433673 1706347571
-1800917024 -280734387
1192502624 248540844
1158044186 373100696
1988976276 305960837
-19593760 -542642288
-1258480955 524689851
1927242649 -269134931
699693477 1225201464
536693830 -1903241497
169852720 392106076
-26949846 -1105858302
1852125835 -1443845660
1451984616 1431539351
-842934706 -1551287375
1591555123 415675568
1810558713 -1940458770
1624572216 -894121634
376191336 -23130770
-591252353 -1657113866
1881930308 625563823
-512023493 -730903786
-1695362296 541793186
335069687 232910035
1091042567 -1645617156
-2071909663 175194186
-2022442804 -152241311
-1449583857 2060306538
512653646 1226165397
1472448194 872093631
-1629715956 630747540
594063265 1915033174
-396069291 1716800346
1883300204 1616653803
-697212910 -1283202710
1735944620 -2072362296
808303329 1756319
-1863947686 -894359803
-283378971 331581445
296484570 122206116
1573676913 -426936005
-1201863386 1873168080
541037397 -21935123
121794644 -333911812
-641117621 -95142667
-377955347 -1864581514
-1056930267 1299884427
1511718664 -658213628
-1934571973 -1892087431
-1628446138 -1869802475
-1354607763 1931308381
-1639310535 1711734216
1389332559 -864795778
-1324089176 1264775791
-1001581544 588847170
-1324642363 1452602164
-1760737224 -1776065432
1956692800 93371325
-2131730154 -306646959
1806346306 -1390480398
319020914 -918206924
-1393428282 101375541
523179425 15683671
-1985221336 -1154101476
2027284265 1979226907
1850107910 -920356881
663876304 605672734
-301788091 324643211
-301631974 -999570986
794905323 -1184352358
642578509 -2105627297
-1448446573 -376795076
-757264652 -1313235591
440357767 2023099953
1797445162 90594728
-1610105300 -1024348838
-1583938347 -1782185445
-1699123239 994073837
-316659039 -252777973
1272267494 624239392
-273467943 -802942049
-905987644 -289122747
-1134990295 -1104362452
607536401 82337537
1573063315 611656545
522335761 -2028879990
1818561250 -2136159526
-242345946 -2111309573
368765211 -469697326
2033194091 1692935846
-1144564063 -1987108090
1442898704 721616732
204446533 1974599736
-260589091 2131986631
1291240462 -2113042692
30632420 1711645759
-1947135290 -1580619156
2118973413 68215572
-2108735255 1017679350
-1710039548 -1062072086
1409949367 -2096610811
-795804460 664610438
-1746736646 1293711677
1422153145 -1533997628
264031625 2135994030
-1759037614 -2051465828
-230636382 -1804312085
1739283923 1308731701
-1530866470 1659439466
186421886 -1863748936
-1662036132 -1424527425
498641012 -910681630
1807996166 430110396
-104723934 1014834166
209221751 1860341257
-688917448 167485306
437161667 56872718
-1259074841 -822593127
1758773055 1749183299
-420792539 -60936479
878566981 1553050069
1007734211 1093282214
471820390 1855690384
2055294157 -912471962
-1653848265 -2083402025
-571087316 78629754
-1333554863 -623711796
196636647 1291320517
-1476096844 275472512
45481425 -1448641472
1149906962 1611161843
-1908362400 735552992
-1769616314 -431339428
-1742467408 1179072679
387977733 397064723
-450018707 1535893518
-803489543 -1468259022
434236925 -18023210
1814477564 1400512165
1511504842 430548279
-1198677549 2095470288
645790698 1083335857
1078592230 -1981815872
187284644 -1060896113
1083416326 -508258888
-704945539 614826690
1667655457 1785646877
404972475 -539362748
-931074761 -22309774
-1575176268 896383213
-94034912 866520662
855829779 -882214251
1659074742 -1163328437
406106088 602888413
-1107305135 1138269817
-200516493 1413123370
-1980209474 -2047750924
205344378 199051435
-1320088366 -636956722
-71403085 223624528
-627109932 -1658389105
2063966776 1214990316
-633826008 -1915549044
-1886665721 764293327
384523448 -229422532
-1433897548 -1381479037
-1574716677 -122428550
1210083576 189350717
792391450 656840236
402450202 82297535
1293212793 -464227868
417460187 466782364
926639385 670258914
-323255808 1047076737
964828075 1351454983
1121900932 -21434534
1719688899 -1914252484
1103076456 1925712694
-785442463 1349381168
1467416157 1056088971
-490581635 -2083501285
-1025330784 -231370993
1905186089 -1184348600
-1430464024 1761462704
794798280 -871583157
-2020605964 604578859
678048420 565704271
526616690 1523017041
-1276234620 616021145
416315658 -60389176
-1129551256 1324184094
1725735349 -467107717
-2027047130 -1970350101
66107471 -2061703212
-2105161667 75757686
419983359 537260546
438357288 1088859288
-507157260 524563839
1465602382 -74470338
-208195381 585787381
453063109 950149785
606545552 -2108513626
1649893542 -601966039
-1339354386 -314017910
313114696 850828483
619243145 -1302590448
-2031421479 -623305867
-1925080695 897490426
1333674815 -1799580496
-598991587 869228531
-1196181174 -363941022
599852612 -187815475
1971047625 857116020
612048249 -498186489
-1748333418 234177190
-958286578 1646570189
760328559 1458145938
303132369 -1128901947
-1126665127 1519826675
-236815781 -225375867
-255364771 -104961608
-34356473 30236680
607625213 2063177022
184968334 -45961921
-165605512 236493357
569564439 1207240795
-1512642157 1380603890
644920151 -1762974181
2047029089 2055484188
-2075026435 -724064582
-2076928074 -1773401118
-881781389 -1856484485
-1948101719 -788945585
69275169 1581630304
-53175552 -2065861734
1304584813 -671491485
184300003 574524833
797862678 1236133993
-1028939038 -710727084
-328355323 291791475
1254146013 -964850193
902173457 1373289717
-796319437 1792178326
297171864 1065522334
-1617726470 -319041832
80306833 -1770422874
1267499548 -1749840423
1021960922 2120220304
787080913 2112030900
447401875 -161816364
1394806063 -1305666456
703397008 -1800367344
1095831167 -957587317
-384857134 -777503655
-1336862764 1168754353
-1529321597 1439863808
-1781655554 209073128
-1688307707 217274128
547594933 -1013846837
-596315789 -896613021
1186006327 -1107057795
196212853 -1111903105
430547591 1155403711
1361450519 -1818267336
-967803589 1556782210
30906821 -1982743668
1976260594 -1218832740
-1164259038 -903331635
-615710793 -1024760756
210826610 1593790058
-1330998638 -806056677
1712819442 2021038367
1595636507 -999803147
-1170170194 996612775
391012677 -1147132900
-1282443544 1739683300
-1856535497 -466850924
-1221255822 -2013578698
-69357131 1224463927
-1905190049 -809755866
1996510999 1817767722
-2105061072 1734707460
1292105626 912036219
1464304711 145419376
2007898431 1366872375
-815345143 -1375289836
1070830125 -1011295119
1411653820 864536852
1000
C 964 971
Y 291 460
X 82 729
Y 775 989
X 378 476
Y 967 979
X 816 849
Y 553 781
X 993 1000
Y 335 512
C 786 950
Y 944 975
X 719 815
Y 608 902
X 447 625
Y 402 645
X 785 928
Y 794 891
X 231 869
Y 610 700
C 847 953
Y 235 404
X 407 560
Y 688 787
X 679 988
Y 493 888
X 861 880
Y 975 980
X 268 806
Y 521 875
C 98 120
Y 501 528
X 757 893
Y 597 657
X 387 437
Y 280 397
X 269 344
Y 421 476
X 531 870
Y 151 541
C 656 755
Y 72 523
X 831 936
Y 547 841
X 691 875
Y 204 599
X 309 911
Y 134 845
X 189 335
Y 466 919
C 663 844
Y 932 973
X 681 786
Y 510 881
X 716 966
Y 669 850
X 584 609
Y 83 824
X 955 955
Y 225 328
C 14 949
Y 460 888
X 879 974
Y 856 913
X 970 988
Y 908 940
X 258 483
Y 797 821
X 358 663
Y 806 903
C 114 814
Y 933 988
X 926 975
Y 914 935
X 789 858
Y 868 891
X 956 970
Y 834 953
X 79 207
Y 718 971
C 475 533
Y 788 812
X 971 980
Y 289 488
X 266 975
Y 451 714
X 209 781
Y 20 239
X 15 652
Y 867 896
C 871 950
Y 610 861
X 733 929
Y 395 955
X 471 513
Y 40 249
X 757 978
Y 27 28
X 3 817
Y 844 939
C 370 769
Y 981 997
X 875 923
Y 967 974
X 312 732
Y 701 830
X 273 635
Y 27 870
X 503 574
Y 385 531
C 925 952
Y 810 845
X 926 943
Y 723 806
X 697 702
Y 222 376
X 804 855
Y 851 886
X 628 921
Y 770 849
C 767 804
Y 614 947
X 381 757
Y 946 960
X 882 901
Y 499 930
X 432 776
Y 683 685
X 824 964
Y 898 964
C 666 889
Y 537 673
X 389 696
Y 629 633
X 647 926
Y 238 784
X 374 399
Y 471 875
X 750 988
Y 805 867
C 288 618
Y 418 729
X 520 694
Y 767 813
X 578 935
Y 415 902
X 889 903
Y 679 711
X 626 745
Y 473 936
C 980 999
Y 613 648
X 924 984
Y 486 687
X 136 931
Y 257 907
X 992 997
Y 355 485
X 250 251
Y 775 780
C 736 850
Y 437 889
X 376 629
Y 828 870
X 362 598
Y 138 509
X 477 962
Y 338 574
X 851 899
Y 612 898
C 877 923
Y 62 679
X 588 811
Y 841 890
X 774 882
Y 852 944
X 546 749
Y 144 613
X 496 904
Y 717 864
C 956 966
Y 30 773
X 782 962
Y 397 436
X 243 999
Y 352 951
X 391 413
Y 149 455
X 370 861
Y 216 871
C 566 792
Y 473 940
X 520 767
Y 885 888
X 783 955
Y 861 866
X 609 645
Y 782 921
X 347 540
Y 877 971
C 144 807
Y 66 790
X 125 937
Y 233 622
X 298 849
Y 179 768
X 595 952
Y 953 973
X 767 800
Y 247 448
C 942 963
Y 284 609
X 138 406
Y 316 519
X 257 637
Y 14 86
X 903 947
Y 692 936
X 455 835
Y 761 903
C 282 553
Y 733 1000
X 611 667
Y 447 849
X 142 439
Y 871 897
X 50 629
Y 820 960
X 491 803
Y 639 933
C 612 975
Y 252 840
X 771 795
Y 815 841
X 190 320
Y 982 983
X 384 787
Y 986 994
X 635 739
Y 843 999
C 865 945
Y 157 925
X 641 932
Y 24 310
X 635 969
Y 301 890
X 60 950
Y 981 987
X 126 953
Y 228 618
C 330 535
Y 538 991
X 365 874
Y 819 890
X 624 720
Y 142 318
X 770 918
Y 950 951
X 780 855
Y 146 966
C 83 561
Y 507 642
X 860 879
Y 10 443
X 675 883
Y 439 826
X 58 377
Y 664 852
X 51 218
Y 546 927
C 993 998
Y 670 795
X 774 795
Y 74 458
X 997 1000
Y 567 907
X 801 854
Y 422 890
X 800 852
Y 121 320
C 793 872
Y 721 996
X 817 900
Y 149 515
X 982 989
Y 973 989
X 796 858
Y 968 983
X 852 871
Y 502 883
C 65 621
Y 441 842
X 73 679
Y 889 977
X 917 988
Y 759 949
X 56 357
Y 47 629
X 908 971
Y 562 702
C 947 981
Y 434 776
X 985 1000
Y 990 995
X 301 977
Y 957 986
X 762 847
Y 162 328
X 942 942
Y 913 927
C 564 720
Y 515 576
X 634 701
Y 549 763
X 261 524
Y 548 623
X 566 644
Y 818 895
X 161 862
Y 734 763
C 664 797
Y 489 975
X 899 907
Y 27 708
X 158 872
Y 670 969
X 772 863
Y 757 900
X 129 396
Y 972 995
C 416 716
Y 235 958
X 420 878
Y 107 626
X 539 880
Y 38 139
X 270 857
Y 500 584
X 872 944
Y 228 651
C 158 873
Y 318 599
X 687 889
Y 396 496
X 425 557
Y 294 897
X 865 991
Y 694 739
X 161 617
Y 530 581
C 980 989
Y 162 512
X 810 917
Y 635 989
X 900 959
Y 717 877
X 80 470
Y 643 845
X 197 857
Y 259 834
C 394 964
Y 157 416
X 447 549
Y 242 496
X 111 422
Y 9 333
X 35 148
Y 568 876
X 688 969
Y 603 651
C 9 433
Y 268 881
X 514 869
Y 774 873
X 292 382
Y 953 969
X 286 825
Y 717 728
X 290 896
Y 973 990
C 324 526
Y 858 936
X 579 743
Y 529 982
X 856 990
Y 880 915
X 220 326
Y 768 992
X 673 777
Y 795 942
C 411 883
Y 45 984
X 397 801
Y 43 312
X 402 718
Y 423 904
X 928 999
Y 800 942
X 570 879
Y 259 351
C 201 850
Y 585 735
X 248 741
Y 120 251
X 987 997
Y 368 981
X 59 299
Y 216 626
X 255 907
Y 154 923
C 347 509
Y 561 705
X 508 530
Y 371 523
X 338 375
Y 396 973
X 62 691
Y 516 806
X 217 752
Y 736 932
C 550 952
Y 295 754
X 161 541
Y 775 926
X 762 828
Y 456 834
X 565 717
Y 778 990
X 252 444
Y 853 882
C 286 913
Y 812 987
X 356 622
Y 908 944
X 740 901
Y 307 703
X 140 494
Y 360 650
X 954 996
Y 168 213
C 271 780
Y 481 512
X 602 881
Y 390 825
X 893 953
Y 347 974
X 831 921
Y 456 822
X 82 416
Y 296 822
C 546 721
Y 933 942
X 971 997
Y 556 623
X 991 994
Y 1000 1000
X 90 816
Y 932 972
X 398 851
Y 329 768
C 24 215
Y 497 586
X 271 523
Y 741 898
X 957 987
Y 372 742
X 616 777
Y 510 944
X 766 844
Y 90 742
C 146 348
Y 722 880
X 564 566
Y 871 875
X 602 948
Y 274 514
X 37 655
Y 725 821
X 891 974
Y 875 953
C 145 957
Y 197 440
X 954 973
Y 726 910
X 289 322
Y 823 834
X 662 869
Y 509 895
X 474 963
Y 614 716
C 477 847
Y 6 93
X 414 438
Y 553 989
X 696 744
Y 995 995
X 461 712
Y 572 656
X 41 443
Y 615 673
C 280 424
Y 745 886
X 46 247
Y 669 809
X 133 947
Y 876 996
X 143 666
Y 148 520
X 944 950
Y 890 991
C 858 965
Y 974 977
X 54 823
Y 602 680
X 40 339
Y 746 760
X 315 631
Y 985 989
X 964 980
Y 43 236
C 373 453
Y 842 962
X 286 309
Y 868 981
X 319 410
Y 254 950
X 530 860
Y 296 668
X 228 704
Y 500 617
C 610 794
Y 385 890
X 194 856
Y 648 888
X 625 953
Y 475 733
X 66 708
Y 540 876
X 911 930
Y 843 846
C 945 987
Y 878 989
X 59 824
Y 526 816
X 166 547
Y 49 378
X 953 991
Y 593 959
X 744 749
Y 564 767
C 386 500
Y 227 572
X 661 920
Y 867 979
X 163 637
Y 619 622
X 774 882
Y 289 900
X 596 790
Y 763 853
C 296 320
Y 517 598
X 825 847
Y 539 657
X 96 675
Y 986 999
X 653 784
Y 636 913
X 525 730
Y 245 468
C 946 983
Y 450 780
X 839 845
Y 573 775
X 520 872
Y 304 488
X 259 394
Y 170 460
X 670 689
Y 622 823
C 225 697
Y 747 879
X 582 887
Y 358 612
X 844 927
Y 335 444
X 236 593
Y 435 781
X 587 966
Y 330 857
C 556 584
Y 738 833
X 337 815
Y 631 804
X 209 435
Y 90 514
X 811 946
Y 72 384
X 937 996
Y 19 126
C 681 737
Y 631 997
X 399 483
Y 29 798
X 749 889
Y 764 942
X 729 956
Y 978 981
X 873 922
Y 186 887
C 99 899
Y 187 641
X 440 927
Y 354 692
X 396 455
Y 675 890
X 899 921
Y 107 444
X 435 857
Y 964 971
C 693 951
Y 722 903
X 522 683
Y 738 994
X 734 977
Y 465 761
X 741 782
Y 12 795
X 991 991
Y 551 789
C 786 894
Y 397 789
X 884 896
Y 855 929
X 730 892
Y 725 759
X 422 994
Y 169 384
X 166 613
Y 36 135
C 131 461
Y 791 892
X 635 679
Y 920 979
X 209 457
Y 388 610
X 197 544
Y 412 522
X 443 483
Y 768 865
C 483 601
Y 246 347
X 188 463
Y 132 784
X 990 998
Y 627 796
X 37 468
Y 400 644
X 715 976
Y 15 765
C 185 277
Y 301 592
X 212 497
Y 930 1000
X 578 992
Y 818 835
X 770 912
Y 621 963
X 135 703
Y 295 503
C 991 992
Y 751 865
X 688 980
Y 326 831
X 34 38
Y 473 751
X 58 63
Y 234 516
X 929 988
Y 923 987
C 410 494
Y 174 181
X 936 970
Y 685 817
X 827 913
Y 273 315
X 619 893
Y 771 774
X 363 901
Y 729 804
C 37 210
Y 956 981
X 509 651
Y 37 773
X 385 540
Y 975 982
X 735 859
Y 886 983
X 995 999
Y 522 595
C 250 931
Y 923 964
X 733 844
Y 910 940
X 236 401
Y 6 89
X 101 680
Y 790 838
X 188 676
Y 501 824
C 497 961
Y 34 589
X 524 985
Y 325 426
X 834 988
Y 23 630
X 324 713
Y 29 154
X 258 569
Y 841 855
C 380 813
Y 529 608
X 247 918
Y 205 276
X 681 891
Y 661 794
X 241 905
Y 658 770
X 874 918
Y 13 769
C 91 782
Y 505 660
X 195 505
Y 761 887
X 617 870
Y 972 994
X 761 858
Y 268 853
X 393 919
Y 328 754
C 763 818
Y 470 563
X 262 726
Y 380 658
X 917 975
Y 256 933
X 407 451
Y 4 621
X 194 368
Y 974 997
C 130 721
Y 474 484
X 685 967
Y 634 939
X 608 945
Y 937 937
X 21 392
Y 4 857
X 291 523
Y 52 588
C 6 317
Y 609 968
X 406 443
Y 361 800
X 404 790
Y 605 674
X 893 943
Y 504 545
X 762 869
Y 492 679
C 996 998
Y 841 850
X 763 821
Y 889 892
X 71 208
Y 329 910
X 165 506
Y 856 974
X 71 588
Y 615 855
C 533 976
Y 430 977
X 255 821
Y 116 606
X 876 990
Y 95 856
X 837 949
Y 571 768
X 472 763
Y 154 287
C 175 450
Y 615 713
X 320 823
Y 12 490
X 611 878
Y 14 216
X 836 979
Y 836 843
X 117 895
Y 804 804
C 132 422
Y 152 280
X 54 515
Y 30 497
X 838 902
Y 345 685
X 403 675
Y 449 558
X 333 449
Y 641 826
C 749 908
Y 944 954
X 907 990
Y 6 967
X 848 928
Y 344 732
X 748 786
Y 27 845
X 182 561
Y 203 866
C 711 864
Y 647 722
X 342 667
Y 803 878
X 422 790
Y 715 984
X 241 460
Y 255 627
X 391 978
Y 245 368
C 483 515
Y 634 749
X 54 768
Y 772 829
X 431 777
Y 18 872
X 972 995
Y 805 847
X 986 996
Y 848 911
C 88 659
Y 546 642
X 809 885
Y 351 649
X 897 951
Y 450 570
X 220 249
Y 349 771
X 897 931
Y 161 654
C 723 876
Y 950 991
X 620 942
Y 971 983
X 485 504
Y 514 836
X 116 852
Y 77 868
X 518 722
Y 507 829
C 404 590
Y 356 938
X 160 831
Y 650 977
X 461 545
Y 321 766
X 569 680
Y 690 856
X 677 914
Y 592 985
C 431 954
Y 976 997
X 13 791
Y 105 451
X 962 981
Y 130 543
X 826 914
Y 185 520
X 196 232
Y 654 938
C 197 226
Y 972 981
X 718 961
Y 94 870
X 144 606
Y 180 825
X 831 923
Y 223 600
X 338 667
Y 891 931
C 694 774
Y 972 1000
X 28 851
Y 830 840
X 75 333
Y 342 758
X 79 789
Y 766 858
X 948 982
Y 142 273
C 695 770
Y 244 563
X 314 550
Y 644 744
X 286 786
Y 74 721
X 156 394
Y 128 942
X 66 69
Y 300 910
C 30 62
Y 782 971
X 199 638
Y 708 725
X 779 963
Y 537 856
X 356 831
Y 678 822
X 20 559
Y 655 891
C 203 640
Y 774 859
X 206 717
Y 477 893
X 644 941
Y 328 963
X 350 526
Y 124 703
X 467 669
Y 223 818
C 636 849
Y 503 730
X 163 485
Y 344 618
X 606 874
Y 915 959
X 349 750
Y 669 828
X 260 561
Y 660 849
C 72 919
Y 417 969
X 502 797
Y 340 396
X 614 620
Y 981 993
X 328 926
Y 49 638
X 47 349
Y 213 859
C 300 340
Y 190 970
X 919 985
Y 596 893
X 602 858
Y 402 437
X 720 907
Y 694 916
X 168 631
Y 955 981
C 45 291
Y 805 920
X 701 783
Y 189 561
X 567 588
Y 435 968
X 195 871
Y 257 267
X 723 849
Y 29 699
C 997 999
Y 484 985
X 616 970
Y 921 973
X 197 458
Y 452 720
X 363 772
Y 776 785
X 254 702
Y 262 737
C 624 675
Y 168 627
X 208 571
Y 865 984
X 411 811
Y 1 714
X 529 654
Y 574 761
X 775 963
Y 975 995
C 354 695
Y 263 441
X 599 978
Y 580 812
X 64 265
Y 761 790
X 192 502
Y 66 869
X 439 962
Y 763 800
