1000 10
1196902085
1543318124
546831088
230707364
745270718
708380035
1050634902
654455849
1095409175
1275792933
928374043
1048422840
26697599
332385799
349033468
216588805
476504919
1438093325
281092969
7598514
1264373033
120049607
1829307569
830537377
283813022
1220492051
200201960
1203769733
829947243
929778563
98544973
1872758430
500831843
1364442321
357407822
1649500952
1096952100
1385790453
1868356035
311073852
628445109
760991575
172339190
1362234399
1799766210
1049355930
1541803281
1427433669
310843035
1114822568
848342074
859829667
615706073
525145967
390921993
1795442422
1032842926
211819986
105526303
1614717121
358570328
1777737263
1339082225
608479152
143163021
1671361443
1415174094
1688991199
1392662370
1726934384
87646948
504093595
139150335
1467775897
945754091
1595394217
662377205
1387161701
1227094195
1462165117
1552307887
1011754641
15156716
170387849
1787036490
328369305
1086443152
1189619463
1445907916
1023208624
393258974
118325621
1812659607
1212105485
1886988318
351577298
339427436
440802379
154594602
834562861
895788660
1327754754
565096776
1103507072
1900768553
716936665
701040964
472749163
1054786869
1152597576
1220390379
732390300
1859189266
1386928805
598089882
493252520
1960146633
1318307439
660437961
884929812
1312723302
1152960736
1538729017
458474552
1041750312
1991344037
790045369
1675098174
1977929313
381452970
1503269012
1914614542
732897434
341033140
1825839705
794511158
593850057
1855562352
763315710
1045848217
1462150799
60462589
1165247241
1453948897
1728285662
1470676773
1350127161
617273961
1506759852
480127034
464752653
51743402
921602163
1217130041
1807014282
1427218155
476447558
338136755
439382504
1117849610
690495601
919435624
1747840132
358473834
1758309965
1735779992
1507834337
724688993
83786795
586015181
229516865
755273903
733973649
1093803904
1796891955
348064474
1740654457
96109394
1639118192
1000445989
1218508305
403675037
1923750842
1841006548
1005006152
1940657373
585682776
1769634203
1722194259
1217118714
1868654983
404791577
561524227
1139026503
1976997639
1816687283
884124215
1356584981
1182503281
1623562165
471772601
1977668526
822344864
1622138641
1162701407
165347506
814445062
1999485365
1356074385
1382518251
1846858134
1842447804
996837471
177845709
1172098158
496003368
1783069144
465166915
606461203
568776687
1183513070
1037501648
1010443898
866564775
779733985
1268192839
376107587
1547245004
687215805
476944419
1014276101
1623628721
1754642426
1303548292
34142148
1212625666
106339393
1442980295
1412362623
1261378545
1282619982
242508480
885400550
1743846917
744355824
1681847446
1198966907
1838149934
1993157948
1684898028
480767832
1707078020
1878099336
1053049431
1890725644
543194954
220364273
520534345
1538433220
1192229686
459199722
1541035948
1764723021
85194232
251168981
790834147
1311763616
1831403011
654891360
1111789582
1694648172
1184779797
379668563
640070921
283684842
1301690495
1494310525
438223102
599861082
1298608931
1854886696
606564908
1757178195
1962299421
915148205
1776782695
896318726
1085649422
216247921
1609938826
864992345
1562925486
23990080
325795587
261907318
584343618
258145248
1145565834
521784675
1079615789
1408340287
1243439631
1713561663
1912089248
1003889979
89787314
414532379
837273454
1745527054
1968379628
978163570
946148347
524408916
1127440331
648319046
1861070930
941426363
1314960474
1615339737
1726759252
529743430
735331870
521575686
36573966
41234494
1567715773
1558529338
1309101604
1156864693
1354112698
1064917009
774361706
372982968
1599215963
739402641
552724626
420811536
73853100
1404448765
1036328191
1073569717
1283965596
1675247191
423802296
391503312
86597700
445412470
422991224
1921905771
204182600
1601974463
1084521954
962664888
228762966
635346819
1034535633
1133730043
1394904780
700238837
426811598
811601172
482240886
459769542
29718957
1249402484
1026874463
1443615212
1402506492
1645389370
1944876218
692414261
225883189
1435252146
1694750430
168172702
971000976
1009507196
614541813
1098630164
849664754
860794709
267038219
1059008633
1408422971
441111957
1230437
1025079803
242180139
996391122
1131679612
460322178
844570865
1530723235
294558357
1146810691
141535570
579568767
208603390
1293576306
1780607858
1863853507
1067049190
861732884
454068803
1302402522
989904626
1216452487
297990998
531586776
1203376809
211937411
1016097189
624202769
153408479
899730242
1750260032
387444288
789322640
1434814082
891827317
1292411298
1383127942
1275899456
594034724
710078097
321145831
1047656155
1504141761
281698280
1114362087
80923305
908303893
703173536
1147713425
887055008
256354847
124814583
1374862250
1189456823
989354803
1005513149
110916946
554699101
736040998
583439575
1151542850
1745204410
1694551464
99769491
1831106229
1228826712
15306299
600560669
1258477300
1159324637
283637711
1318447627
1442459517
665627126
120264956
346136083
563554767
967277136
919023579
46342108
1750989781
1280649664
978402434
1856030961
1796358124
746756739
1653014810
675972050
895484819
845067935
33073566
161436197
1958663854
68972136
847443249
116016503
1283382558
960256796
1596412556
1599588098
1972884916
988104036
1899212595
759745130
620968364
93526788
1669348022
1595419805
634352588
1363997901
1036845249
1817891542
559968214
831215397
1920021826
344536989
1980026016
1205906797
197738362
1930984336
104722891
93625485
259168251
1256656557
1936445295
801206652
1384594797
106478613
1553118301
350045834
1315803362
793635032
1896467170
371789357
581009301
304306630
1633163636
1347002748
1485223031
1254971915
496892295
593879279
1425632726
509621920
235852763
1775879442
480444219
805127253
1035916291
1847047892
379842461
1609932782
26583286
1948400735
274588536
1894995432
1568411397
432367614
1693507322
1264822598
1449749470
605066909
1187403258
144939709
600593097
689760372
1088314808
1312443007
1047430503
1318509429
1545938594
1210367304
360474874
709559884
269141726
1092860740
251872011
428465936
805531034
602314173
30158088
1983983246
1985775706
58029381
809102879
320214323
1102144436
692297611
1060278477
1080799946
374400236
943184360
601392900
493701218
1918305071
1810309912
1585030904
488986189
592599657
1056708102
1827990151
125917253
1876453311
1371306819
289005994
1350299580
1621299849
86521117
504429543
967906787
363162031
315934962
1653833262
1539187887
506629105
418608122
1769709054
384310729
684087802
1259070112
1136494151
338795307
672519411
1686303664
818166249
1500017304
1579423437
1138595314
781638432
248902043
27028773
1444020608
234727023
445365990
64500363
602136419
903162276
1146367228
363814450
1927605894
374835462
1475772285
620320008
1037888415
1223174719
641002696
231248029
1732174819
1847449531
190936590
1764481341
765615009
456631190
407810722
1729281724
519167237
585278461
1977098049
945601703
1622774503
1044564764
631733660
1042452686
909826021
1037897053
1145751639
1184687732
1556943324
584633326
337983619
416310420
523090298
541801754
678695711
1928039515
460710046
647599787
1347308303
784246512
1987758666
188496796
1991342445
434276441
163083589
1742439103
1085758943
643984727
1107674665
1236154255
1210362474
496796156
1565494765
289856836
1576544394
1063557191
1522927081
35405031
777354868
1004877364
816002313
312012696
1972997275
153498137
1441553956
741147515
364896590
981105315
1146274157
384091456
1440777342
553133159
1031914242
1559124046
1828026151
1689757858
656959372
207328675
188175524
518969548
763361067
279507739
1370779322
1387955549
234775196
421254665
807546143
545524366
1244786618
1077874165
589504378
1902011841
1341097029
1713261455
514724901
248827500
208629577
814080891
526855896
161642733
1075067211
749878115
1676017815
1547375072
1384039084
947946172
1092815779
1843097682
611957505
1852523466
589360304
1622318359
1286154840
1987125427
755514101
1973970545
142216344
470550591
339744612
1150370908
1770848518
103070767
617299188
1544550260
155529188
982655798
10257433
801238148
1112844340
1710325912
1184033622
601493164
1697748890
35408734
125589224
1805537838
1551097439
315752243
1090476451
653713877
793813394
1828184287
1790933211
251820290
1927388489
381046877
1989442937
420615252
415242501
1029366426
677676077
321307379
920092723
1390419149
1580834498
397345402
391233743
1810844525
950466701
342732671
272609827
1438551764
329158655
1892365503
725738925
821352302
530036570
1525826283
1645896735
626994077
863481472
195296009
601225344
1834889517
472958951
323229065
927189872
354980975
1285663401
1440493541
81539208
552503028
503669688
1616775923
2336736
1616779311
1105142730
354760106
1442613256
1305430723
612675919
837767675
255572801
553240152
1107144795
674288298
1547329456
123291786
608653649
917488526
1464721470
1046639523
1667673969
112039305
1970244633
1544450463
1596720893
346871052
1251619672
290722631
654306506
457934287
919639664
35569171
401344575
1510828058
193441561
1383274202
955336193
686527976
1492815520
1914162420
291195365
1634201778
1573154740
445171483
1909243822
375722369
1873683800
1540676762
983242465
898362710
56907783
538522354
1388272666
73572644
256688865
31744869
1130038515
126355494
1958767687
506554852
1835442165
1708082717
699559872
365146039
1654892426
176950080
404336885
1920378113
1790044202
1342967546
1886793711
294137185
303986969
1636013633
1212801433
1243473493
585157740
1351676885
640558568
1038286776
612726524
1177491019
1643068949
835772892
449856887
1430170804
949593350
194894656
1365856400
762620910
1409371083
176599022
1399972438
1331666566
1317592131
1381729396
630791843
653214687
193347196
1033207979
387239526
1053550718
298325258
468457793
659401298
1369033956
1337326806
1150938807
370452788
1350188086
1139805896
340174846
1678999637
102009479
962717958
1432960589
1187214555
1405620941
909777944
1324767581
976676548
1369678950
1184611340
575765318
1651065060
360795278
1267175927
1045500993
546549369
1496843499
1802673194
422629511
967397484
1388869955
1930176243
1701290584
407850023
1699427917
1850763277
669854231
525381133
1849275301
917055141
676478610
1196669339
898681560
153917961
373978976
991289625
547571951
1761655652
38616828
1272220969
1686131552
15660398
941755099
1248445585
621031743
1292972288
211821580
1272346735
1677234042
1515094317
1747479515
701300106
1769248204
66466717
1315653990
387283115
1602453292
1414918574
1735479576
1865206157
1929121493
617976245
1313647040
1486484208
972426227
936344162
366831949
1639157223
1604885057
1581040424
1173427619
1361478455
1956189533
1418101294
1889471471
1998028053
1162275583
544598089
1873408187
33122698
535164308
