50
1 2000000
1 2000000
1 2000000
1 2000000
1 2000000
1 2000000
1 2000000
1 2000000
1 2000000
1 2000000
1 2000000
1 2000000
1 2000000
1 2000000
1 2000000
1 2000000
1 2000000
1 2000000
1 2000000
1 2000000
1 2000000
1 2000000
1 2000000
1 2000000
1 2000000
1 2000000
1 2000000
1 2000000
1 2000000
1 2000000
1 2000000
1 2000000
1 2000000
1 2000000
1 2000000
1 2000000
1 2000000
1 2000000
1 2000000
1 2000000
1 2000000
1 2000000
1 2000000
1 2000000
1 2000000
1 2000000
1 2000000
1 2000000
1 2000000
1 2000000
