5001
-56718 39701
30958 -91211
83455 22730
29300 -79375
-62496 -61412
-98911 78048
91329 -75419
-53914 -58951
-64512 -75561
82052 -64055
-8562 -84747
16950 55410
70261 28720
9021 76516
-1334 -92675
74144 -32911
93758 -55533
-36441 -70174
-24894 -47156
-75358 10394
-44789 -86069
52626 -8876
-52768 -27389
-1459 -21974
-20919 -11789
44298 -28613
45675 -69711
76425 -71972
-77250 75548
-61472 -45266
-86291 52784
21958 -69822
-35556 33999
84290 46862
61022 -83741
65943 82643
99796 -28342
80733 -22493
-37373 -74174
8177 -2350
-69821 -69006
-2566 -89545
-36974 2756
21414 63469
-31959 -64470
-92925 -443
-85685 69908
-3315 2427
-8028 22447
-73320 13233
-11679 51679
17003 -37179
22267 61654
-28409 -25983
-50445 -1082
65401 96924
-32630 40877
-75445 82714
-44651 11502
67152 61687
-87415 -79179
-21180 25492
-90816 -33615
68327 -70112
74973 -21694
85534 40180
99145 94944
-90671 -21500
13990 -65387
-11813 1372
-68835 -52604
13913 69123
-29871 -89850
-67813 -26563
45352 13970
-52923 80470
55295 -35007
647 -32501
-27142 91511
-46363 -44118
93326 -58297
-957 71249
13384 -74779
97779 -27574
31548 46055
-31277 -79265
-76686 -34220
30521 65188
6908 9697
-44637 99033
-65802 -5110
-15465 -38998
-68772 -94936
84885 34152
-5704 41829
-94359 22479
80976 -67695
8045 89462
48353 42663
-44261 -55093
-87629 59760
41889 99296
-54753 -73658
57155 -10486
34471 35459
60591 63161
36148 -45397
-78316 -1564
57167 -61960
40021 8320
-59664 -36374
78129 89719
40413 46243
-60242 91009
57734 41059
-83165 64244
-46043 -89545
86661 -25563
53000 -14762
-84245 -95115
-52092 -4630
99680 58837
81237 -57520
86331 26372
-89379 -90392
-67706 10312
-97359 47419
-95429 48744
81630 52169
-41117 -997
86583 66145
31780 93411
18623 96347
9203 25693
-32058 47246
45435 -28072
-77716 35135
-39589 44965
-36055 -80708
-91519 -2067
59912 13385
80388 48126
8764 6522
61602 6538
-94117 -62084
-7193 -99169
-73645 16752
-81698 -18237
63590 -93731
-59787 84890
33276 -39362
-41570 -36626
-35828 60366
-11972 -32495
-12993 -40395
-15202 62338
43688 60949
39090 -26803
85757 83653
-15354 -87899
-65256 -97336
19809 -69975
-45561 44604
-54427 5532
16833 78648
81375 -42324
79078 -76409
64657 -726
-45045 17013
-16047 48398
-81506 -5903
-80470 46277
53117 30468
-42857 -34594
77661 45105
-3995 79936
21622 -71889
50146 30611
40828 -71595
-91065 19568
14793 82495
50672 8359
-21771 -72878
83259 20096
96292 -60184
-81758 -31257
-300 36248
93607 40647
83134 73532
-23093 23970
-12539 80166
27871 71727
-17358 -98561
36054 50967
-26555 -65955
58445 -73451
8078 64385
-66395 -64002
43424 11171
-31953 25995
47209 37046
-30887 37845
26862 -72739
-19765 85374
-65496 -90502
47477 67296
51498 -15036
-67894 34626
-45376 78944
-74283 -23210
-8933 -67708
-53349 62246
-18630 91693
60665 35315
2642 57608
97222 -28037
5484 50911
76761 50415
11052 90025
-55135 -44620
21203 50680
16463 -36054
-13432 91149
-24950 -76886
32278 -1021
81374 64479
-14546 91257
-65072 14916
-9606 6867
-43525 35169
-33404 44920
-17269 -23105
-87725 -24486
-38189 -99413
8202 -18309
-76427 -35402
34079 70336
55586 40386
15829 82705
-24322 -9780
16642 37551
-96964 -96338
76234 -67257
86509 14227
15982 -38156
-39980 -95815
33550 9695
88783 76283
-32052 -60433
-48330 -88946
29338 -25537
14911 -49413
-24594 16776
-69600 15117
-64330 -5459
99087 7689
-68812 66254
-81473 29045
41884 -20931
661 79532
-10996 47583
-15396 -53642
-78330 -80612
31047 -75616
81552 79303
-27563 -23739
31034 -35376
60882 -57822
-77361 52449
28256 -40542
-97657 -28609
-21443 -78559
-37243 52331
72996 67296
-8833 -40262
-65602 88879
38906 -27863
22049 81754
89859 -31447
-71084 -43982
85728 -93985
33565 -43633
-77897 22826
76654 66564
-94628 76349
6405 89435
50812 -58798
77189 -82387
-30974 -36837
83601 -30661
-53609 63751
33217 21813
44904 -16442
37354 -41103
42575 79127
-47682 54086
23532 -27762
-26271 96327
37826 -77811
99337 39931
75676 -93569
61923 14817
53332 -55037
-61934 -2297
-5052 4435
12727 26696
-15048 59577
-90374 -78023
-27202 -88249
11462 38545
85471 17757
-76011 -73755
24030 52318
-34098 -21426
67473 80861
-20213 -53164
-36175 -56331
-6338 -60041
-98173 -81601
68481 -60
-54509 -60349
63948 -61861
-33601 25622
-30866 63954
-37389 -48248
23529 26074
10727 -39209
54460 -42081
82442 35678
90787 -98986
79060 59492
30230 14086
-75352 -34109
-37130 -58718
-34086 69666
-79850 -45601
-56730 -88479
-6947 45819
53808 85850
59845 98408
-16816 1948
-84037 15721
-42668 53712
36109 -96967
-10791 -64257
-42483 -33852
-72389 67467
20879 -14001
9421 -50138
-86510 -99492
-37249 -72148
-1960 -7056
-68398 -30870
-17196 -795
67738 -91360
4110 96591
75833 92378
17829 -22888
43528 -85492
-43246 -29065
29781 -40163
52072 -69830
12148 54001
-73213 -24197
-9359 -92947
-63602 3946
72359 59337
35657 -44669
-96093 23018
-15881 88202
-29093 -63096
-64705 -19431
31633 -39074
-9685 -64768
-50363 -56233
42470 -5088
93107 42554
-29274 -97086
-24220 -32131
80795 -22400
-57658 -92999
-91437 60684
72241 -99837
-75768 -83505
-43279 -37502
-26796 -79490
30389 -31448
-99972 -7123
-75459 -28498
-1464 -48778
-36315 91554
-73835 -53126
-35417 41486
10838 -70196
-11390 32743
79551 36037
42222 -93482
45859 -36094
-71660 -25389
8327 31469
-63306 -26181
78511 87138
70562 21960
64522 24555
42526 77849
78372 -95723
69332 29573
-86086 -49212
80835 61689
-3899 -69245
-10676 94427
27884 23978
-17053 37167
-21712 23870
22693 36121
-35463 49930
63174 67067
-85472 89865
-86957 -60973
-23688 42623
76963 86283
-12723 10761
54370 75273
66705 -87351
92603 -4929
-16930 -33349
78510 -22428
-57856 -57734
45935 -45468
4191 -66605
-56329 -59348
-98139 -93595
13312 -71559
-58898 -97735
15044 -75951
-62256 41808
-14624 53477
-46208 3040
7149 -82877
69607 7673
70461 -34361
31266 -72379
-46950 97885
71420 -14398
24922 72262
-56070 58510
34836 -57084
-1049 36310
84422 -19128
97449 25929
34171 64439
-2395 68554
-42674 41262
81274 -74968
-76220 39103
35116 28811
-15075 96517
-37067 78032
9385 74240
53354 15426
-42979 55499
-22658 42781
80118 -20766
-93028 -57541
-45474 17481
18618 -73724
-80327 -56322
73502 -93978
68033 62712
70295 11787
-83389 46388
-38178 85819
-62855 15119
-26415 38318
79983 20918
-73075 -89819
27518 -17977
-31093 78671
-12904 54823
88436 78092
34290 38814
70505 6298
-79516 8840
9137 -58754
-76986 -43090
-90002 46673
-96056 -58434
-1186 10633
-6323 -8477
5636 -35001
-94352 -31347
-37524 33607
-9445 8436
-1242 37650
74771 94831
18925 -86790
74275 92202
77497 -22203
75882 55523
65334 28305
-94019 -67662
15303 23072
10920 -19748
-93763 -14049
83208 58274
-15007 95573
-50814 23437
72443 -34364
-23663 -63102
-84257 12047
-89919 71486
-33525 -71817
37985 96787
72397 -88258
-35931 -78983
34751 38153
26188 77331
-40983 73310
53350 39403
-77313 -89698
2199 -87194
54442 -83503
9837 23351
64024 -49162
-80241 11860
-98541 38983
39780 -46714
18223 -65506
65863 -12881
85087 14132
7855 94494
-78118 62190
-76478 46839
-30616 -28146
-35581 99133
12286 36934
-85789 -94560
-90153 97274
-82956 -50022
18345 -85367
-67237 21558
91982 52208
-80442 95767
98373 -27098
-40893 -75478
-92554 -33770
54316 8554
2447 7704
90924 92251
92974 62997
-46033 -7831
86419 -79375
99574 -35476
24771 34339
-56561 20949
-82550 15884
68773 70453
-18632 86297
-97489 -30326
42632 -72246
48466 96482
-87253 -60104
91686 -53944
82617 5656
2992 2142
-93650 -75208
-42996 55348
60666 40594
35138 71357
52634 55033
-29004 -35966
-70537 38158
-92928 -8439
-2544 83863
-72815 16150
5192 21249
-50381 65219
-85469 -42516
-20578 46522
-71062 53518
-18093 -80886
-68654 41296
14598 92658
-41120 -86575
-90214 40774
-48842 -68846
17040 87598
56758 -15568
67019 -25412
-67176 124
48599 98754
-21530 86842
96949 -14900
75172 -8216
40816 3182
-38829 88616
42418 99115
-26874 -48119
-67313 -11834
-76440 -85587
-67319 -15970
74076 -13589
-35009 -25962
-95791 -37979
-91539 30099
-9536 -95166
13698 28813
-95082 -16847
40643 -55496
44346 -70502
-82514 67096
-27391 6604
-20398 -37458
-11265 17924
14472 4877
-48256 -21148
-48972 -81590
-32557 -35431
-75323 92059
21850 22911
-19110 13151
-16677 -89284
-87283 -43663
-25083 -86395
94197 89973
11237 88183
43820 94061
96927 -34416
-88579 -32528
-93192 -97551
85302 -13715
47548 3583
-21646 -88388
53805 -4712
-38630 40349
-41525 48584
22653 -78566
48607 4335
-16227 -38108
-6113 -76735
87624 -24870
23726 24499
93640 -36439
35032 -43034
-78518 -98142
-46853 57205
85250 19400
37608 94605
65602 79739
32362 -98895
2531 79628
52234 -46152
31497 62652
-34471 22385
-54547 -7408
81811 49528
73585 83543
-85176 10171
62558 -76951
9943 -85207
-23420 -3161
-26194 -40489
-12799 1270
63333 -96748
-16174 54002
38732 4033
29530 -7218
20733 -92004
22895 -30122
93001 -69013
98031 -87354
-88488 28889
-79954 3618
83620 -98293
4575 -72564
-67954 42552
-30204 17568
24525 -94308
5822 -7277
66647 -69773
99319 -37723
-61441 -8549
53859 -22222
-80002 -19198
-37190 -93172
87276 -7320
-69952 -21045
-83239 -36067
-14674 44916
-60536 83582
17649 61626
-1324 -43611
21956 96180
-65764 -88039
68256 15040
2173 -69828
3230 62773
-68332 35754
74086 20061
75029 42268
-16380 2817
38897 -2253
-59840 39365
12504 90841
807 -39409
20366 60905
-46741 83064
12577 -62307
63601 82170
69494 57679
-56458 -91963
12546 47769
4654 57103
89449 -32726
-52713 -18993
-10154 65264
69886 -2804
-38 -85168
-77271 -99071
-83772 82590
-16325 -56605
11154 7665
94674 41268
76913 20165
-49805 93975
72153 91916
50566 -82651
-1275 -24418
90271 91127
93092 -16944
49915 -54770
43553 -80201
70744 55101
91018 56062
-16898 -2255
-85036 62672
65941 86904
-25996 -99853
-3117 -95120
53095 63386
80190 -30717
-82922 -46688
8854 -2070
-85303 52537
98470 -75621
-75440 -68399
-92164 33171
-67325 -61555
-159 -8646
36921 -60428
50249 -79150
-62937 52450
79010 -90519
-74026 63662
43345 -1422
78699 85390
-61968 -70294
2865 -19369
-71849 -9759
10945 -27186
40403 -61519
57592 -41277
-26816 83362
54835 -67231
54229 -64442
305 -94472
-32041 13522
-86864 59340
-67780 -35372
-25699 -627
-28045 -48965
-90809 -109
-54320 -60830
93569 78129
-69695 52043
-89707 -90401
80409 -35893
-831 11767
-36743 78340
-20735 95648
-45355 93204
-90567 7786
98273 73170
17431 24509
-83431 43525
-51589 63523
-84060 -88429
-99142 -10632
-70710 -42299
-86958 -65986
89792 76705
-97537 -97815
-74736 -9295
-74881 -96148
-85647 1369
-3917 -46120
85362 -21348
-55272 -21250
-58399 1404
1617 -27491
21738 -30941
61560 -13220
3632 -53230
93659 68837
-36752 -90200
-17523 -94444
65297 -54750
-94145 -22061
90740 -92753
-17479 7567
48050 13579
10156 15200
-52559 94530
78160 37287
66843 22107
-52233 27885
56083 40532
12275 20732
-84855 15683
-1447 78494
-2955 -43719
40603 -95448
-81109 -9473
-11417 40111
-27203 66789
-11991 -65647
-81118 94050
24459 -91841
58903 -53641
-60662 9101
-31390 -43628
-98006 41141
62033 54591
-50528 -75236
32974 -14877
-37207 -24943
8694 4027
-89479 -8231
72975 5603
-3692 56914
5947 -61952
-35510 -99946
-65903 -86587
9003 62033
-83927 4116
61829 68786
-23656 89452
9883 -59327
-45714 99462
-57481 -35700
-58946 -36182
-92863 87673
3995 -87048
25659 14855
83528 -67311
-64817 -46701
50050 -17577
-96847 -69438
91882 -98060
7043 48619
-54412 -12561
-91310 -71142
23293 -5993
98713 19241
94143 69848
-62518 73512
-36916 -67992
15860 -57871
-69089 -23184
-3942 -78855
-12246 94148
78504 83384
-31068 8529
-81265 93920
86298 -20679
-51209 -47654
-7581 -6100
-81288 53615
-44873 78278
-35620 -90012
-85761 -93583
20711 -86320
95207 -38330
90215 18042
66563 61024
99650 15065
5881 -14103
-39136 -48561
8934 -74694
59925 -85236
-24729 -95208
32943 14821
21056 85136
-18907 69184
-86704 62244
87001 -47368
-87564 -13931
-93094 -18663
-26564 64824
88177 -92738
18314 693
-72644 -74727
-20330 33725
46464 -93479
-66965 67272
-55320 -70179
-81647 -50384
34717 -90554
-26527 -94111
-7377 -89929
80577 -78970
4746 -95682
74023 47018
2629 -80188
-21009 79526
78002 44110
-62871 52663
-3551 74577
77435 7669
-64850 87331
-61329 -25428
36148 -53977
17564 57179
-65721 62819
51352 97459
-92137 -32453
-27800 78106
-73316 -2717
95947 -76963
-48750 32652
-68905 26652
27530 -46491
89269 569
92692 -34311
53166 60139
-67989 65804
70738 5292
71399 6004
-15118 -41278
-13246 -83157
12739 39810
-31541 -18469
71663 10455
-28090 -40977
25978 99165
78630 54397
-43582 2498
56235 12019
47042 -17361
-43247 -83005
64487 68589
-90347 91212
65448 -57941
-3192 66908
-93294 20680
-87600 37225
36283 -65594
-80087 -8715
-41808 -54002
-18155 -21187
-71341 33668
39711 54000
81509 -22387
9385 -31760
49056 -40620
58962 -97757
-98032 -30241
-47644 44149
30156 -22754
16083 29604
-86353 5002
-47684 -94702
86765 -58595
-81886 -77988
-17416 -35050
-46174 1043
-99207 77939
88335 -69182
-71123 -44348
-90297 -12165
32673 -71432
-82149 47326
61717 -89843
35256 -33476
82050 -24237
61128 80946
29914 52241
-34834 23657
-18648 34413
67235 40104
-40502 -12627
85655 -15895
-94447 -42081
-98550 -75972
-18577 -78463
15271 -25497
-32457 -71753
96930 85079
-12850 4989
-56419 76607
6148 51590
-60038 -93179
3821 -27120
71128 -51449
12773 -35322
49466 -5536
-11583 -30401
-71663 -54701
-57088 33746
41772 3797
-91293 11227
85100 60512
60491 -13376
13402 1667
55311 -19913
-63494 76362
-9169 90628
-66045 7907
-52589 78834
80283 32673
-13210 52898
11255 -83256
-27929 -79193
86086 97944
99910 51631
42166 53404
63217 39783
67899 94920
66490 -20551
-53671 -82804
59477 -30539
-6760 -67315
-71829 73103
-96368 -2211
-64357 20429
97888 -35922
53462 -90901
-82993 -44192
99972 68355
-11560 39684
538 15458
1756 -96321
37920 -16898
-86855 51048
-77272 -60966
41417 67961
32505 63086
73195 -82672
-40342 -21431
88573 -1032
-82826 -11703
62300 -20519
53743 -21912
99941 54117
22775 12091
94948 98134
91009 6644
16658 -55981
67705 -10440
-5236 45069
59958 -47416
-24940 96608
79011 -70074
31572 90375
-64097 99678
96150 21402
79782 89472
22510 -87760
53157 -77726
-50064 -40168
-16840 -40973
-71728 10637
-55914 43283
76952 -74140
-53572 29176
-50377 70098
83804 -56497
39010 64589
-86764 65692
470 23816
46515 -90434
18213 23096
15940 -26455
-81648 -98463
84133 4417
-9139 45430
-60377 -65068
-38092 930
-75689 64423
52522 -64273
-47026 5711
43947 6727
50055 -73948
37598 36278
-49539 57920
99004 87465
21804 26119
13316 -26406
40814 5175
94696 70541
24931 75414
-58273 42010
-61685 4192
30474 48872
81595 -61921
40277 -51188
-86831 -35258
-29158 -59197
-34381 -88514
73041 -10112
35947 -17927
51075 -73788
5413 3395
-76375 13503
21615 88314
60115 19136
69727 81981
10796 -22441
-36016 -98064
-31589 -54138
-4423 88725
54682 -87619
-82358 50191
74296 -42938
-44723 -27487
-92026 29328
32134 4807
-65407 -57143
-75662 -84486
-63403 34920
-19433 -83030
-72744 93280
-22036 -78859
-20916 -68812
53945 93282
76818 -36318
43074 27178
94311 47221
27390 38693
-91430 55221
29099 66563
-41774 -50898
80339 -69213
87001 -35080
47387 -32061
-46780 -51530
65339 33491
65295 -21394
61469 61402
34417 96500
-28893 43107
3116 -38006
-4306 44291
86254 -95045
10496 -12628
15466 -14355
-93056 -18624
-94179 14003
58744 78154
-87060 -52823
-65860 -85836
-16199 -13994
40062 28348
-1657 -90418
61882 15704
85752 65988
-95724 -87931
-15886 85991
-36553 96231
53408 -63952
-55467 82045
54423 -39985
52472 67575
-58474 -16037
27670 -48708
19861 83315
48461 -12760
62360 -43058
-40694 -82891
21932 67346
-54052 76671
-56928 94791
1619 49477
-18631 94874
97262 -80171
-49445 62513
-75255 76892
-97357 -47906
-40259 -76215
33534 72486
-13179 -85620
-18088 10590
95842 -97563
-82473 17035
-50292 -72829
26685 -53662
-25701 86062
90100 -32139
38972 59632
58395 -97006
-13794 -53349
-13300 7840
-99264 57348
58569 71568
-15404 10266
97201 -64480
-16426 49445
-19476 -68433
-5242 32482
98948 -818
31949 64333
45166 70090
-6857 -95784
-11787 -61317
86792 34782
13121 108
-34610 30539
-13720 -59831
27679 74072
9853 -61507
-56133 -54041
-67562 39441
-70030 -8835
62763 24854
5537 58532
73103 -93510
60683 -40788
-28956 21872
1485 16610
-85304 96519
-30865 19885
84775 49814
97145 -2908
70129 53035
-36836 -59646
3887 20686
-77372 60455
-44685 -14010
31895 -94276
40119 -98022
-58547 63359
33146 -71741
61678 6630
39425 -93823
-40506 64408
38684 -88932
59375 13333
69358 23981
-38817 -17376
42296 32878
21035 -90272
-38311 -34818
-45356 -47583
83861 -99773
-96103 85054
89977 -4240
76491 -87282
55066 5775
86739 56515
88135 -9486
57666 63952
-6460 -1244
1670 -7182
61310 9295
91096 31333
-75193 -50730
-36572 -92759
-19058 -68276
1670 -32037
73615 9261
22769 39197
-97721 -25560
74431 -57076
-65423 46657
58266 -36417
37242 4667
-5512 -48219
75211 57083
16187 62933
63512 61825
-8894 -25434
-90869 -27436
60246 40706
-67669 69249
31775 23342
-95895 18775
82900 -21127
67745 -81532
61672 -80900
24324 -41255
-41759 -85348
51028 27513
94090 20139
54782 -88353
-67971 23859
15536 38736
4451 -88211
-81845 -51798
30066 29715
14193 -66276
-89408 -34672
-85118 -65076
-40523 -81533
21766 -84385
-15965 56742
95410 -2913
-61392 4766
3584 -23546
23537 -18382
-21526 -59894
85924 -79317
37219 -92085
-92195 -34632
-85676 71111
-39282 19542
-11598 -68043
4906 -9400
-51847 92912
99769 16103
-31965 75623
98373 39167
27612 -24714
28448 -81552
128 99684
8204 41701
24664 -51552
-48760 -25914
-52200 89908
28108 -93034
-72882 94109
-95858 50655
54896 64492
-31660 63453
92181 48008
-43387 10672
-23316 -92566
-86418 2850
-58267 -53243
-6929 -38067
-20533 89357
65240 -85361
-37094 19017
94878 -60046
80716 -69181
-57201 -41756
-35196 92803
-11015 -26074
71480 -52283
84270 63119
-93054 64994
-73733 52119
43071 97532
-34984 17230
-65135 48390
-67647 -98957
-3164 -33825
27499 -62239
-71132 89503
-12251 -64121
69614 -71615
82737 61361
5208 98368
-54133 -16119
18448 39655
31370 94016
-37514 29952
-45014 14472
63090 -86880
-28432 -34627
-46000 -22353
-94911 -67674
98466 -58244
61407 98629
-34697 -48777
-54943 81976
59968 48390
93504 78560
82257 -35095
-53090 44702
51665 81135
98782 -4791
-82981 -61664
38556 66884
-88812 -86973
-25329 -84253
17935 -77625
81879 -8033
-76704 50411
62895 -36548
-63039 -52763
-81423 -32776
-5403 49393
-65952 14096
36447 -23574
32214 -1815
66209 26865
13708 -27136
-21135 9879
-84694 60129
3199 94523
87441 -47724
76552 -70690
-35959 37593
66511 1537
55263 -68154
2009 83457
7741 4427
62557 31557
-99389 -32375
-95712 -75540
-69564 34762
-19188 76486
-50462 91069
8666 9014
-86898 13417
35104 -97235
60253 -57562
-40204 66301
-9328 -34713
-14648 -3545
47585 -65090
21162 368
96175 82751
-80876 -90719
10306 47307
9267 47680
55841 -21261
64086 -47322
71464 -99934
79771 -27029
-71074 -42504
-11565 -58154
-3259 -756
-76796 -34697
-55370 96256
-59115 35323
82273 7832
-23126 95526
-86400 80443
80310 -33214
71945 -615
98708 -34206
-95851 87423
-53077 -18487
-21649 -92883
94837 -9395
-14484 -87620
-32472 -9911
46475 -20685
-96374 -3069
59547 53821
64650 14050
6422 73944
65406 -51992
-98136 68560
-60922 91020
-80245 12985
1026 29541
-41212 -77360
-62303 9318
-47680 41690
86951 -62488
-98581 50279
-50193 69893
-59696 86785
-50950 34284
76816 -16621
7239 -81876
34734 -15342
59372 -69796
-77984 98915
-20351 9790
68039 -96184
-29151 72530
11354 37987
-68699 23834
-58382 -5692
-55389 -82144
66869 27137
12631 56142
24136 95513
-92296 -84921
19509 4794
-85797 36376
-94254 -17099
94807 74129
-36732 -92508
-12699 -46595
-37959 -22840
-30527 97602
-20570 -22724
-41462 2317
55484 25216
-7334 -17492
-61232 -10618
-48746 -92404
72027 -96771
6068 -73498
91210 -35431
90281 -36756
89613 34473
66784 -71548
43179 -42829
-39434 -65874
-92994 91206
55814 -10291
-42336 15028
-23288 -53140
36975 5387
-40406 94293
-87873 31695
-2392 16363
-68353 87210
-97898 -39962
1424 -39202
-37806 97471
-13121 -93772
-92011 44957
10492 -69914
59137 -1687
-35351 -41460
-24499 -52439
33567 61545
49932 -43002
26517 -40793
-10473 -14178
-95025 95987
-48883 -42083
-63136 -49580
96805 55968
-44932 -99472
32701 46208
29011 58343
-97171 -48565
7039 31754
36367 6888
46250 61280
29644 53587
-43806 -49954
82796 -29899
-62722 45104
33520 -57784
71270 76371
92496 -9109
55111 50071
8092 -39929
-66720 -96832
-56755 -35879
25838 29292
18550 75224
58715 -1504
49958 94762
22839 82638
39572 -56306
-33657 -2471
-98277 86817
-32376 26703
18690 9963
-32993 -9515
74937 52639
65846 11937
-3677 56968
-76339 -23704
-26392 43081
18035 -34478
-72251 26901
31496 -92429
11385 38782
95145 38757
19376 88631
-63201 48801
-75452 -42418
48348 21275
92446 6576
-15522 33281
97113 -64647
54355 65911
-90623 -53222
-97827 92990
71101 -53457
9030 96490
25658 -99180
-30220 -25178
-44679 -39947
-84683 79908
14817 28249
71108 86305
15839 -82955
-12611 -61259
-91380 2386
-16151 67031
-41397 84754
-31592 92395
72545 65585
98194 -35393
36608 -97845
67656 -27167
-20399 -59692
-76858 -76273
87802 -26475
-34047 32393
-8742 4570
-81537 -31136
-35755 68049
-49929 92332
59388 63432
84370 -31286
62693 41999
37887 40904
32411 -22616
2276 -10264
-38141 50710
-56701 12662
60592 -1725
6704 -24469
93902 -36338
-49062 35094
-63567 51455
-24228 54033
66291 99544
28150 -95504
15514 -94139
5219 73176
-82215 -1058
10139 37601
2421 -17762
-8685 10418
71249 76217
-29466 40548
-38729 5800
8271 65969
-38656 74539
98429 -4274
12493 -50725
-67719 -88763
-33774 83854
74612 32867
49233 -2221
74222 -44003
-54510 -29878
-5123 -38350
88135 69102
73109 11663
72346 40520
63844 -39784
-19079 35223
-7239 -39510
-8727 62180
43152 40974
-92568 -90507
-39317 68509
-33339 -1099
-28625 18567
7625 58448
61184 -26531
-98006 -85463
-4942 91148
-89077 -53380
77834 -7759
-98570 -13234
23379 71972
-14569 72064
30316 31003
-8908 14122
-58407 87052
54627 -66752
-51436 -64003
-90561 26367
94989 -10767
-2273 -45458
-95963 -86102
79336 -9625
-41779 -33617
-59835 1613
-50434 -55348
84346 -49090
39544 20666
-13887 -11290
-16922 -5404
68584 40372
-72526 93503
16854 74131
18842 68746
65972 -40940
81709 -15444
-48369 -11400
94514 46887
-17272 9481
92636 95055
13843 -36067
-9163 89479
-35444 96941
-97294 3716
-6296 27898
49883 20728
-56711 392
20648 57355
-72933 -89466
-2957 -94796
71532 -10526
410 81104
19903 65010
93020 -4255
-43604 92656
-62063 76632
-3926 -11978
80752 4651
-50466 -62005
28947 19912
71425 -84875
-24958 -61926
9176 -39019
-58734 51238
67952 -62842
19820 -27807
-87563 87431
-76477 -75632
63522 9732
-30424 -455
-96080 6961
-52680 1047
-10040 73251
-75347 55266
19639 -84004
7820 89071
-18413 77130
-66221 56407
-85568 -37664
-28073 -41079
23743 -58219
27793 -80763
-27164 65744
64194 8643
-35501 56384
41129 39801
68419 -70599
15992 -35537
67805 73994
48113 35925
-63673 -14001
-68401 51955
29338 30748
90606 -64694
53651 -32885
-90065 1185
-62196 -89346
75801 62138
79167 -71918
-71789 24216
-90943 16010
-9233 63255
-25133 68018
-79348 -47815
-38862 69315
88601 -59562
14223 36002
-77407 -62256
-89818 75837
-10101 42087
75137 28887
54991 97383
46448 -60056
1996 57765
-46400 53853
-14705 39723
45782 -76104
26868 20317
95232 -31657
-22912 61319
10095 38421
74168 84335
-21487 69497
86961 1802
88060 38057
51956 -96670
38182 -13876
49079 -19831
61019 -6617
-83193 -65078
-33979 -37113
98585 7285
-15980 -51122
-5344 -9674
-90866 2276
-57488 41839
-1251 28579
-68009 -63285
54719 70655
18869 76950
-47018 -99806
69704 15542
-98103 -18035
-98460 -40342
-25183 -53302
59297 1848
-48464 -57835
-4703 -52792
39836 -33117
315 -70365
-25159 -3365
-7333 -14216
-4455 -89883
4580 -90397
-45868 12363
25450 90364
74514 -60144
81940 -34173
-6817 -16958
5388 -97946
-52662 -65002
-84492 62435
42978 40664
-9698 -43416
-66719 84783
-3121 -12165
-29661 -10766
2109 56347
7526 -16080
-80003 91780
77385 91937
-94475 62454
21248 68933
27333 -88320
-39775 -70530
54025 -43206
61495 -1739
82296 -60157
-18874 30232
42805 54881
19814 -52005
76321 -30652
-84517 -62386
20024 -14721
37746 -74408
58300 -90738
-36956 13608
-75332 -44599
-70528 -46947
-58813 74044
-86670 -21378
96359 -96189
-69242 -59915
26340 72077
6938 -37734
-24779 77294
41114 -34884
-28035 29389
-84385 36177
46971 -16367
-51091 -57946
-26067 -65368
-28831 44762
93749 -52113
-26407 26894
-89629 -71928
-10956 68760
41551 -58809
-48364 72509
-61410 75398
11273 47946
78341 -24520
50371 81006
-31853 97928
-58358 -4722
-60215 -6706
6082 57554
25135 71275
-95311 61726
32642 -14004
-53665 -21547
-1516 80043
-48105 -52852
-11751 72354
23565 -69226
-22248 -56894
-2414 71572
72359 962
-36288 98453
-15739 -9838
-23386 95821
-93756 78314
-12891 17076
21989 31490
-56376 70275
-63498 -10090
-60133 52594
29062 -67180
-50538 98298
-76415 3223
-7244 -4207
-25638 -89133
-82475 96679
95708 34510
85194 -75827
7562 -93764
-22535 -57521
-90619 -49486
-27792 20170
-7067 34819
25159 56759
28730 53289
94272 87842
-96762 44992
-57491 39539
-48501 -34586
74868 81038
97406 80821
21458 95377
60788 -9570
21368 87479
46295 -80550
-37288 -69735
-87555 97388
43212 -21452
60611 29291
5364 -11234
78063 35996
67062 21073
-83405 -70317
93440 -49285
-8000 -54345
72674 -57852
-68632 -3573
-54928 -71440
29056 -23169
59382 -97497
-86550 37679
-89536 9279
-9423 64006
75397 -94150
-98220 63961
78928 22207
60049 -13898
-97026 -38591
-86242 -99615
78781 31104
-3011 -29348
-4521 640
-53224 -79437
98897 16017
52315 14652
49492 -16221
69909 2860
-24685 -59616
25532 -42217
-69505 -47411
-45714 87589
-51065 28038
-33273 -49534
-17902 45266
-6547 83663
-85199 28670
-1950 -71723
5514 42798
-57800 9824
-37497 -29987
65108 -40621
-46465 -12873
-85532 -4852
52298 -42811
-89214 62589
35877 55975
69889 26192
-23182 9400
-78283 67440
-66087 96310
38465 -46369
-77436 68652
-150 -79179
85729 41632
97346 32517
98183 -84293
95279 60482
-12520 94907
34054 61807
13570 71578
-1832 -75091
34479 30863
-52215 -41174
58781 71857
51459 96113
21080 -25240
-24089 -33807
31548 11476
-63186 -15118
87277 93647
9419 -89335
-40158 -21731
64406 20169
60695 -90594
-61289 -18090
75345 -40090
-46130 -37666
-1859 13555
19152 -8299
20866 -58977
-37960 -86129
90172 -98768
-88564 23422
39796 29086
-71066 76003
58092 -50829
74530 19922
-37842 -12498
65066 -43791
66457 27616
-1869 49374
33145 -30452
-79233 -38831
-79110 -86424
68051 -82008
92324 45113
64016 46253
31607 -4452
-79507 -41391
-33168 -59017
80372 -68391
80472 -37292
23818 26174
-14620 33947
-99825 -89361
48489 -37057
25243 93250
42892 12665
-19275 20624
80464 50267
2532 26220
61034 -89058
83679 -87021
-14845 -71724
88315 66610
-32991 6457
89376 25474
47243 -33478
68902 -29563
45730 -5407
75789 -13057
-86600 57411
-30497 29380
-80131 70765
-96639 -81059
-85177 -132
-21856 16565
38450 -45848
-29426 69530
-20971 10838
-58982 -42896
45631 -66435
43630 -57968
-26433 99769
-53994 -23631
43763 -89713
74893 -14129
74478 -84411
12819 -96377
41439 -45702
93110 14389
-75085 69373
51786 67140
-71688 -27190
87023 -6909
95948 99372
91408 -65109
-46425 18684
41311 79834
-86219 -72529
-44187 -79901
24759 26991
-24822 -95465
24974 92273
42087 22861
41332 -33050
-71909 -75270
17728 26629
-67812 76257
-18222 76490
-86281 -99244
-87254 52915
-19579 44390
-81121 40002
-67705 -44207
-25723 32984
89842 13968
98485 73010
89630 -2077
-5805 47251
-57835 -63962
30723 -35839
51758 28997
71281 66677
17163 26946
-13504 65053
-1944 -62709
-86249 -44944
-92648 71843
-53431 30787
85656 84972
59977 -13707
-51416 -91652
-22892 14122
-73755 44717
36998 34265
-17938 34527
34324 77681
-29967 48585
-98843 51424
73109 -47799
-77162 5349
69297 9223
-65072 52551
217 43429
65658 -82214
-48646 63407
61595 -42807
-23940 -55571
-84423 43410
-48112 -42842
40432 72446
89947 52230
-17010 63528
2966 -63931
85022 -41233
70686 -4855
57677 33454
62134 -45372
16996 39360
73419 24557
-86095 -17184
79059 19212
-17090 18655
72932 -22870
1620 -74396
33007 -42253
-465 15951
11769 -49608
15402 -82934
-73767 -28600
-50416 -35853
58406 6890
-52901 56208
-94271 -71860
-4941 -78568
27432 -23784
69990 27330
-56748 -42384
93386 -29266
-30680 64335
90596 -74164
34448 59418
25759 12939
95609 -58275
-78315 11741
39226 -70
13127 2019
-25027 49758
24409 -27831
-27888 26701
12925 44791
82071 -19812
-1829 -43210
-12244 72204
-27301 -45848
-42995 -55333
47746 -38103
-19197 -76252
29698 98988
81130 34160
60599 64003
-93545 83317
-17795 -72498
63089 -32029
-47643 -6507
33206 21217
98622 42618
-48591 -54195
-56236 -45741
-38754 -31032
-74817 -76596
69026 67532
-45264 -5442
52183 -48771
-78785 -48775
-79941 25421
-8962 37952
66102 48922
38335 98754
97982 -29332
-6299 -80216
19847 79205
20946 35788
-53955 -94873
-89512 -65002
79983 -24562
37741 12161
8976 37194
94977 -61077
28581 87647
-24682 11860
-53244 -98868
-26567 -92215
-69822 -39331
76515 2487
7469 -54991
-43724 90577
75267 -94601
3557 89820
-53414 18948
-51487 47055
-59260 86217
-28759 44621
87680 78877
-71025 -71093
53945 -588
-29827 -89665
95350 81840
73027 18714
5771 13161
5609 85375
-71388 8001
27528 34974
-80839 47163
36894 3577
-66363 -94844
92337 -90367
39133 28262
-28881 -39461
29891 28812
-79895 -48699
-68307 47608
48542 -91943
74836 -54059
95227 93426
-67629 84842
-15952 33424
-86661 -36863
18443 32739
-41312 36267
25459 -59484
-58017 25398
95269 48788
7074 -39460
-28798 -32913
10721 12488
88823 76959
-6944 -45693
53681 -18997
59459 19471
60137 73220
51936 43467
-28794 -51205
21107 -41088
96294 -24005
-90182 38380
-98149 93623
-96647 79588
-90682 6295
52338 99753
982 14296
74738 28140
-17295 19882
96018 7089
-59632 59031
9455 -62560
73279 39217
76129 52238
-11420 -1485
-45809 46474
-72320 -51838
-35755 95206
-42732 72340
10637 95199
73605 13467
-55012 -52614
28664 59706
-81512 -54160
98482 -76205
-39238 51323
-47224 -85983
-81456 -62738
66539 72378
65101 -37367
-82507 -48885
-8992 10803
-47896 -94136
72072 -47180
-49950 79532
-29128 10364
-90755 -99182
33484 26900
14043 -37931
8775 -86427
20728 30289
53756 -35216
-62247 2867
-6303 -86337
-70383 -73017
-71333 -15110
-92761 -51997
77706 22490
-77541 34184
95281 22800
87633 65668
95789 -81051
52923 50397
42078 -48043
-19467 -8357
23218 4469
-36398 51527
41905 -12796
-2642 -73777
-26951 49236
12166 58409
-76798 -76933
50865 85982
3125 61241
-76888 -89006
4441 79858
-33213 85975
-74061 55060
34499 34806
11861 -12644
60788 -58260
33129 37974
3764 24197
-78713 -44289
6098 -9499
-74869 96235
-38865 -53956
-89367 -70776
42465 72722
-31916 66941
-52729 80837
-71156 -30461
87201 43360
-62318 -22374
25587 86844
52705 62552
14362 85693
88448 -29574
-74721 -14773
19302 -73333
64694 -52586
-44858 32611
85862 8206
18723 -79258
75342 96715
-87406 61776
-33279 44919
-59916 79951
-87105 -36410
50772 60404
-13486 43661
30123 19253
37796 -37422
-18128 -24559
-42404 40207
-96056 -42763
-46580 -58583
-97753 99856
25694 -3767
-16324 -21005
-75364 -83061
2284 28872
74249 90928
-4169 69442
45608 -91503
-42470 61689
34454 58897
40153 -78967
17291 35889
94815 23284
-73667 -56718
63146 -64866
92771 55357
8355 -74696
42672 -59772
-45744 16662
79914 -28223
35767 -30425
-58624 -98749
45003 46867
66747 12429
29832 -50901
-17324 -57745
22782 -5477
1264 81213
-17435 89805
1418 60392
-47339 81354
-46207 -32851
36101 -81108
-17428 -29474
-73230 5380
54240 40868
81774 -37323
-76871 -29423
79656 16040
90885 -52053
56536 13904
13449 14046
52458 50515
-67426 -86168
24040 61458
57663 -35549
-84757 -80478
-80884 54413
-84218 74227
-34851 26111
-35705 -3780
-14341 -75549
-5142 41808
-39520 -39895
-28607 -69314
-98443 66524
98920 -46529
-96145 38757
-32096 39746
14691 85585
86317 -31261
46486 -34689
47717 -10211
25624 62252
-56440 -31284
-45206 -94572
-49110 -35227
83651 -39685
-71756 -11003
-80812 -89351
-9965 72469
42439 -6647
59901 91138
-34469 61772
-84334 -19641
-13492 -23964
-40464 -20436
39793 95555
49734 -79652
-23266 -94931
-83817 -1773
-83455 -97323
75892 96128
15634 34146
-30181 43539
10512 78906
20558 4041
-4450 -86152
26300 -46868
5409 56579
-75742 63852
46586 63200
82207 78758
45892 71326
24980 88096
10581 -92104
-87737 -85881
94465 91807
55923 39761
17461 63772
-24497 31384
-8047 -27874
69846 7601
55478 55494
84013 25945
-30745 -3399
14938 20155
80810 -47669
51641 -46656
-79530 97133
-49764 44308
-90834 -18277
-67042 2616
66643 6439
9576 3743
-42076 86538
35671 41636
-18925 -7127
-28102 -25541
93353 -25395
-76720 90397
87312 99034
18841 -86021
-7043 -7892
-66692 42133
-59835 2579
19291 20327
13536 31195
22218 -89770
-60832 -32770
40958 -50962
-54082 -19730
-31980 -17284
60930 73301
-60921 -12063
80433 -22818
-40010 45864
73853 -40162
56995 -89869
62881 -81021
-90342 -25465
-26870 67442
-36423 55345
-32753 -84657
-71900 49880
70654 -38332
-64709 26123
33647 74241
44479 7042
31014 -63876
-46951 19656
-46972 45371
61700 62983
-57412 73426
46474 -46303
74199 12087
-52652 -79812
-42429 -33578
75908 -21524
-83308 12674
-84531 45587
45201 -10802
17282 18764
-58110 33867
-87783 99611
15359 -50047
-20884 26756
65930 -9998
-78493 27759
-94259 594
12757 -6180
-31132 74402
75681 -41434
-85680 -84898
-31449 -32776
98333 -33998
-9651 -81660
-79345 7461
74455 63829
-71911 -57064
21092 8720
61209 46862
38337 24245
-67029 20591
-45742 67569
-55085 -51852
-27265 16098
99917 21648
-23282 70798
13517 -41285
4443 -73212
-34684 44992
-98722 -50643
59604 -39224
6101 -41532
15547 -42323
-330 62804
79501 -95964
32610 22005
-63936 -48565
-74405 -6271
60843 981
-77691 50184
93267 74250
-81578 -994
-69257 -96344
-49688 69373
38492 -5696
-56596 -83784
45584 -11020
64641 72195
-85510 95790
-47979 87238
48478 9930
36597 95881
89037 54712
34733 -37918
-66880 -89286
-34056 64334
22683 -48907
-43911 85353
-57647 -92906
-72276 11890
-92635 30296
-75688 -14803
60631 16394
76421 47083
-13207 -46601
-20761 65052
-51040 -64930
-98295 -16664
-62347 -77459
9968 -23970
-31077 88229
36253 27777
-71641 -20930
-6467 -5510
-67109 79288
29842 -92605
68066 40131
79873 -81819
-14382 -48601
-64751 -27357
78291 87649
75288 79720
31475 891
15374 -12388
-50612 72752
47699 -80189
-2875 51694
-57033 -80865
94043 -3466
-43163 -18439
-77140 -18070
14192 7505
23557 -28157
96986 8828
-44803 83524
97718 86253
87292 -62675
-2262 -18726
-87059 56532
96302 27467
63695 -94080
-54898 -39862
-68412 10030
10269 -83629
-2837 60737
-75863 89084
94562 53688
-50218 -3640
-26544 -32218
-43837 -40368
3905 -93455
-67586 -34137
75034 61445
-67481 -40200
-46045 61693
-93807 -62489
232 29369
17865 -83060
-63172 -45946
-24084 -86474
61573 80615
-88335 -5540
59386 -91366
91691 -66396
87542 -98622
-92183 45158
369 36670
-76438 57150
73506 79238
-14897 -29857
-22489 -49531
62416 35470
54543 86626
-11148 -34807
-64178 -67158
-40468 -80599
91866 -57364
-1942 23289
94880 37954
6477 66400
69754 98915
-27743 -47423
53875 -38965
37141 63561
5806 60715
-56566 -42411
68951 -94227
36014 11104
-81801 -23806
39916 72759
19782 26497
97781 54700
41846 88416
53292 -42268
-61389 272
62269 -64449
-27240 18703
389 -21404
78211 9838
81595 -6492
-50516 25290
59386 -24894
89408 -98058
-49550 86092
6621 86954
5090 18686
98038 33717
-53383 -56744
-98867 17557
10731 65459
7742 -20591
24950 -94467
98446 -92118
84828 -49753
5383 -42582
32892 8360
-5402 -53593
23274 94492
67111 22675
65291 39903
37965 67199
51111 -48343
95182 -56417
-62487 39042
-27915 -42867
-22538 -39347
99107 -83864
85766 70075
-99661 53853
-23340 81525
-82887 -99798
-19291 -50798
-45938 96730
-75913 51630
-89557 -47875
-23855 -21542
52265 70827
-72507 40542
28298 -26708
-89649 54862
70369 -54214
78161 -51750
79956 -27762
9252 -21538
-39359 53199
94152 -86742
-53986 83766
22790 37763
-13510 1908
97595 98451
-80504 -14117
28599 -80040
80988 99003
8387 -71720
88642 -54777
-58223 27047
43501 21798
-88844 71327
-77959 -67542
-30754 81823
-12523 45624
-9012 -42757
-42027 -37114
-67556 68499
-51964 -10270
-45948 -73611
-24303 -88100
35366 -15514
17186 58201
-32738 80952
63850 -19028
-10180 -84582
11421 -32895
-30244 24216
72610 51463
15721 -45969
-67339 -84229
10973 -26129
94894 -28645
61987 18101
66559 39888
80243 -1088
91170 -84613
-48651 31601
86431 26670
-45860 -36161
65196 -11706
-82028 -93495
-44197 -24430
45822 90867
93130 8228
95889 -3427
74008 -99980
93728 -40075
926 -38506
-10409 -54170
96214 49161
-85608 -76038
729 90908
-75753 -3966
-84245 38155
37784 -54060
-2678 -48118
-11165 44367
97799 4468
-81933 19323
25533 71119
24971 -41669
43998 -16331
24903 91150
-78341 91423
-69326 24937
-62922 -91690
-32375 -83966
-26099 94010
5775 -35105
-48677 -50212
75112 -45026
70443 49949
99250 22126
11184 -50639
-37874 96458
-56574 70268
20296 -74906
-75810 56061
-20037 -82941
-33996 -66903
-25625 -75668
7480 -87153
-91139 -10989
84256 -27200
-29535 -96211
98692 53172
-32000 -24255
96007 -30004
-12112 94049
-15582 -97223
-20035 72297
29297 -65784
-18490 -33191
-11987 -57470
91844 17840
14046 -11285
98891 -81774
75413 50779
47493 57596
41087 10238
37869 -61616
78896 -41663
97765 -9746
2267 -55449
-70913 54193
-31827 -14086
32640 -36774
53131 2077
-4965 -26736
31336 42051
-99002 41726
-19044 52624
-10258 9976
54280 -50227
332 -54773
22502 30292
-47039 74180
-35092 -58419
93401 -29041
-63550 91255
64541 -56538
-86558 -62350
-50333 -71869
56075 35664
-34906 -26665
-44256 -25772
-73741 99035
9240 96143
57428 -73729
68594 -12211
35974 -47507
44219 83860
-68309 37880
-67048 58460
98318 11550
8675 -75925
-63186 40081
77510 57535
28283 -56695
2957 -38389
53901 -81385
84679 -73004
89482 -51727
4032 -46075
-35061 -31236
-15848 67130
2365 48661
-44719 12047
-757 -70418
-94041 11786
95178 97614
37346 53544
64659 -68331
-62586 -13822
-78475 51704
-32140 14123
23313 6982
33887 17358
-32186 17222
94377 83417
-66153 79027
-6479 29554
-72603 41545
21710 -11847
-15201 -34538
-41708 -1299
-62655 91170
-33568 56287
-18731 -68865
-37664 57813
-89141 -82146
-67600 13234
-99096 70029
-56184 95382
-85227 37923
-55767 82020
-64796 -77459
-22062 -83849
4093 -92209
26146 -76886
9958 49260
-98622 56063
-6588 69158
-23223 32142
-59450 77600
-63912 -63321
-45115 -63436
72558 -84007
46626 80287
28649 -42633
-2271 26327
-26621 46875
-78772 -23729
-36504 -85197
13232 -49719
-47806 -26523
4989 -60778
-52146 -38401
-83524 -23664
-80178 -68255
-6748 11673
54832 -62827
1835 -92446
27135 98640
-50017 -38055
-30476 23806
-20858 -31222
25385 83631
-24120 -45497
34834 -82860
5662 -38027
-81090 90268
25406 62610
31690 -84338
88709 10959
99516 -29710
60464 -3096
64115 86055
71495 -63794
-54960 -86326
49136 -35144
64819 -48714
80756 28388
94335 -63790
13837 -35777
85718 61973
41501 -97319
26083 -68722
-7238 64563
11766 39224
-24137 11472
-90070 39024
-37572 99234
63341 82238
4663 39329
-87865 -60326
-90538 21160
-31996 -59195
-2846 67623
-90488 97018
68275 -4521
1824 24485
25240 -62457
28788 57783
70820 32836
-6708 -93068
24439 5816
37810 -62337
-45075 -74206
88858 81521
65046 -87903
31547 74508
-47912 46044
52510 -79659
34677 -14722
34124 25139
55050 14748
70949 80384
-90352 -14555
-86216 -75116
-29554 -94442
-88583 71826
-53964 -94797
15234 3646
83349 -69660
85879 -28641
78765 -72010
-68029 56178
63932 27316
-27603 79196
-14967 8446
-76895 -14458
98712 68153
-48119 -90310
34866 57426
-71985 69480
-87990 63973
11075 59488
-99321 59721
28471 -53115
-69191 -51136
-63008 4336
-602 -37236
46373 27059
-17223 -85229
-83548 -17669
-86952 -65413
39851 62000
82452 25874
73113 -22118
53321 5543
68779 -74077
-97675 -83602
-40651 -85208
16915 -27518
55498 -95789
98845 -74488
48387 -63832
-28546 18768
86143 35948
-78220 24821
26913 20095
40974 45683
56432 77423
-75879 49074
77036 -25196
86608 -49412
-6437 25265
-19916 -88931
2011 -17001
-96585 31581
-89856 -89706
-40728 -87759
-16514 87535
-13800 3682
-9454 -36317
39731 -62836
-43898 -71500
78630 -51317
-15052 -43359
-40034 -18074
90670 67840
-4554 -19306
-82398 48256
31948 -76879
56084 -39616
-83243 3143
32533 -9801
14677 16619
-39177 28733
-37803 68896
-8778 20438
-41472 13352
35073 49443
94486 -34937
46635 -68600
26120 -54631
-76967 21489
40910 -57697
14848 78578
94638 35229
-44413 -36922
47598 -69839
-53075 -63413
4630 65903
13822 -37989
87860 56215
94444 -8931
90703 -29768
9311 82093
45620 -31841
53770 -33115
-23514 24683
34263 71388
-19890 -88956
49288 -27627
-98230 -17755
34095 26967
13309 -71857
72839 -71633
-33574 -1514
-55188 -71418
51240 -15376
-56460 69905
-49076 31964
30785 -29322
32991 32754
-67043 26478
81459 88702
86592 -77085
-4103 -24463
56477 -6414
-83386 -58552
-39760 5615
-77881 -32523
77760 62559
-2608 -19056
15666 -52866
-76654 25187
15644 91861
-18858 64358
20463 48145
-19742 -21390
39382 -30985
-50713 -92384
45507 24607
-58449 49924
32469 90889
42009 51225
-88033 9792
-75616 37925
47785 83447
54204 68226
73286 -47954
-82912 85822
3131 -43729
-26943 94731
41772 31538
55073 -91669
-86673 38004
2066 91224
-43673 -85497
21969 -46847
21008 47467
48474 24776
5125 -27880
13220 -94148
67477 43217
-83427 37016
93941 12032
5324 -12665
-48073 -36536
4484 -10764
-48451 -53180
-91848 -99070
-64184 33677
37898 -26037
-92275 -66841
-18402 33282
-38522 1050
-52782 -74182
3572 -7689
-19303 -68989
43051 -32795
-72747 98554
14965 -81943
-85611 1295
-67320 -85270
39296 92862
10018 -67267
-98396 -25813
39315 47544
-11040 71447
34222 -60744
98126 34317
-38381 -16710
-24463 -7109
-35186 -20495
83763 59616
82767 -26527
46184 84343
-80434 -90403
-14036 -82241
19288 -63398
-58718 92994
-6137 -11264
-76737 -71255
-554 73030
-13497 56028
-96650 9250
-3212 3794
-30921 -7064
36935 -68326
42519 21498
-63519 53175
-69033 79680
-89906 -63455
-13452 -82740
-45379 29717
-38421 -28799
-47842 -2380
97974 -94869
-59546 72883
-39973 -53208
93444 -8217
93001 -72265
56265 -26483
76684 -57611
15264 26630
-27339 -45711
-24761 97790
-99880 -11893
62027 14182
-21359 86717
42196 -17814
18409 56786
-5552 32149
-42909 99168
5820 -36053
-47519 64052
71647 -4274
28054 44698
60173 -96768
-76585 36577
-40140 -55842
1996 27991
-42945 -92711
95961 -45632
-2501 9866
-56896 26271
-5759 -26691
4596 11258
73374 -63785
33286 -75885
-83575 77516
36568 -48683
-25852 8608
-17358 79513
-30264 -44578
27934 58795
-9233 42063
26857 -1963
80190 90418
-270 -12841
36187 -97277
1668 95954
-79158 26210
-30190 -1663
91129 -83205
71323 23958
-30055 99299
20152 -17657
7590 -49322
-46158 48447
24646 -83552
84632 -57923
81931 -15691
-64496 52178
46452 -93441
31068 82956
36485 -53874
-12072 -86298
-24152 40614
-69526 47938
-61203 84305
88383 -47060
-15901 -96024
-11151 -8532
-78089 -55487
90447 29511
36575 51283
62513 19739
-81910 -40410
-85978 36533
-9294 17632
51884 84570
-14273 88366
87472 -76181
11371 6449
-93505 66975
-79796 5904
9649 40340
-71936 31692
57978 77955
95459 44036
30266 1939
-83889 -98444
-53619 85202
-16387 68188
95611 -83743
26591 -6059
-42768 21165
-67580 -96187
67212 -4268
-83497 -34970
80096 15461
-61982 -76529
9307 -69329
-58367 -77828
-8325 -13602
1612 -63934
41073 46669
87365 -50055
68458 -15830
41985 -97730
40206 43182
10838 90237
-59617 26262
-51328 88483
7920 -75749
64479 -37754
61452 30429
63939 -85195
-36079 92640
-7751 -84290
43568 -38560
-23487 9213
14644 -9475
52868 10562
33799 82475
-64646 -16959
53746 -85767
24824 -63086
-95377 -52220
83088 83044
81998 -46850
14252 -32576
21919 -60634
-25386 -89357
82730 72560
86024 75818
91921 26275
-41298 -21235
-33332 -98375
-24408 49858
73394 38110
-45316 25444
88896 -18563
8499 47218
-94395 27024
-89818 -83860
-90449 9205
-66289 -9582
47187 -90911
87294 -24722
-84090 42224
27831 61239
96450 -40464
-8880 -72530
55531 -53942
70245 -97002
72187 -66771
-90351 -56112
98465 88807
-21473 -59519
30866 27395
-94962 -44295
62377 69883
66266 -17284
-7436 68283
31577 -42421
-85670 -99686
33948 -68830
-89722 -6555
28994 29360
90317 -18971
91687 59546
56778 -92816
-56047 76322
-445 89823
-8048 58380
30561 46812
44411 -11486
37185 -27875
98861 -73434
-6731 -91597
34906 87247
14481 12666
88667 71873
-719 78479
-66391 5020
-40187 49167
-49837 -50163
35707 -54509
-1073 55193
25930 89944
83161 2741
-23669 73197
27017 -32482
-44098 -54567
-6016 38153
-5417 2427
-63910 81914
46123 -95560
-54935 -55888
-81483 -27920
-22960 21075
56213 86932
-1433 81394
-3351 -5426
52806 -8306
73198 -56332
635 3325
-74758 -67836
10915 41283
85649 21149
15970 -46153
-15505 -4544
-89564 57385
13076 -31751
3714 31267
-99574 -45185
36676 -46150
12903 -37915
46527 -10602
-25370 45622
70868 61328
-7373 -97710
64954 -49085
-98209 32765
56671 13958
-6475 3781
-41538 -2632
56109 -76808
-63420 -39243
76496 41181
-31683 -71600
90860 -78461
-8733 18383
6992 -53215
90421 63156
-14363 -78484
-33347 -59974
50280 54641
61220 -17795
30501 59520
55594 80311
11577 89755
-62258 -3356
96352 -60692
-2260 -10290
-74495 -14230
12902 33448
-22695 42467
70468 -28913
11022 -53429
43923 55006
42343 93515
-71680 -27992
-62873 -81564
47087 -98532
-38028 54375
30255 -83025
85587 -11995
16823 -98896
83797 94623
22031 -32316
49044 711
37651 99867
8613 33205
62720 -92187
84173 -9867
71182 -16070
-84404 -99413
-62033 18061
61434 65733
-40484 77916
-7780 -3728
-72262 -28870
55514 -4073
47861 89299
-74356 69363
-12710 16398
24540 -23761
-94038 -58368
-44136 -71547
63394 3922
-44285 39274
-82706 71839
83192 -53675
-98622 84999
-49962 98761
-60331 -81937
35106 44114
75463 -47229
-27028 -33479
-55648 -87314
85343 73421
82169 -85191
-97158 -45217
59390 39357
94625 96334
-37803 32981
-97661 55593
22201 52946
-21023 -44101
-12063 9189
-5451 62861
39261 -73118
29694 -30774
81292 80425
776 53190
68660 89343
84101 50707
18578 -17707
57105 -97516
68996 28408
-13065 -37979
90374 -46297
36564 6688
-84277 79512
-78087 -77484
73793 -82927
78583 35163
18137 -77518
-65841 55286
-14885 33616
-26509 78964
-61419 -58566
-72326 -27146
48879 -48369
-62985 -60093
95841 -23507
-13097 59528
-77747 -67472
72487 -14442
-9683 -76995
-46497 -98221
58511 -21741
79397 51586
-89241 -51062
-67430 -3904
-51867 -98182
17368 -64621
-45084 7970
-76561 48940
-73972 -36290
57808 64092
42497 82006
-73325 -2700
30169 -80946
12909 -14392
-50005 48601
-35032 -37890
-19887 -28288
-79547 60321
-37963 -23912
-37906 -59
-80940 40918
91773 94022
59124 -48477
4611 14283
-90912 -76453
-40471 -73393
-34803 -10589
-40719 76504
-48417 -17904
-78584 91705
36028 46962
-53899 -468
36849 -44742
55266 83204
-12483 -36882
-13098 49940
-98385 -42134
45031 -98421
90233 -67348
38176 -21354
14442 98626
-23480 -73552
-10928 -61639
96913 90702
-87569 -56052
8737 79940
-45329 -29611
63913 -27902
-5183 -7759
-42827 3865
-3744 21407
-73235 45969
36644 9589
-75008 -92670
44379 -42299
86271 -81069
43919 42770
-22738 37402
-29559 -80347
-89540 -1512
-41655 64564
70772 -56431
54380 6961
-4731 31226
-6047 -27068
6762 -2008
75479 -65689
82389 93035
71860 30550
-10197 79482
-86631 89582
-53678 54729
-42324 -10194
-63980 11900
93127 -73490
-98343 -24837
-18219 58685
-54481 31692
50634 83196
91588 -70318
-85680 -6234
13376 -28553
50939 -11722
-56548 9608
60380 -15773
65542 39890
29849 -69023
-14881 -31237
18242 -83957
85892 -35426
-29060 83368
38098 -32557
-28725 -68402
-83789 -83207
88791 -49303
-57600 88663
38961 -39879
65162 19603
-23795 74874
-96211 69397
-53647 26412
51520 8899
-39033 -38234
45314 -49197
-26434 76756
-86551 34591
97303 27014
58741 -69048
55667 -54067
-99828 19341
-27933 -73342
20817 9682
-58174 76878
-99071 -30272
-34185 65515
92557 43367
-87747 -83506
-81780 44528
-68153 -70802
-93525 -90492
-13716 65407
43227 -87966
-62753 7809
91359 -88053
1379 34209
63935 -69728
74702 -15552
-2670 -80305
-94405 -58163
-32927 -15912
-39163 -24415
84988 8050
84199 -29918
22337 80809
8793 -85787
99104 26468
-60543 90663
-66943 6659
-16570 8782
-27565 34017
85519 88981
68349 31605
-98420 62284
68664 27804
19163 98524
38933 90010
62125 22386
48671 -89302
80419 -64823
-72165 67165
85471 -89450
3154 -12834
35105 -62533
90814 84039
-48609 90671
36265 -3188
69402 33055
-1431 -28145
7236 -46618
6470 -78086
1417 94532
-38355 10268
-24721 -90907
64342 17071
-58009 -77642
26239 -51748
-19054 5269
48546 74968
-14173 -18818
96500 64112
71469 84625
-23587 28492
-37741 -57880
-79392 -70930
-76184 -23185
3462 27037
28707 -94080
-34252 90938
48904 92885
-88114 26011
-26876 -26257
42047 -70968
-35569 -11988
-84134 -35868
84508 23601
86028 -73947
-43118 42357
-49555 16791
18119 33153
-51992 -66842
88485 35272
-6746 65176
18896 99202
19545 -24974
-60479 57608
-73936 -7059
-30704 -29512
-9013 -2274
-57422 -52619
-35940 74247
-73746 56475
-55439 215
-9214 -22592
-29846 86349
55475 48956
-27181 -84249
44876 78727
37526 37852
80488 76871
10135 -34771
68467 40839
-75389 -73101
-2464 -6913
56757 86394
-48630 52718
-25787 -29263
-30908 -26239
-93096 -67991
-9290 93039
-25611 -58512
29047 33195
19550 -9435
-15211 -89688
48064 -9432
32961 53134
17237 -34293
37246 98831
-94220 -14586
31864 -82339
-97322 97699
20651 -16240
34979 -97244
-25258 -97919
46658 -28885
71823 5517
-52858 87449
2481 -31354
36181 -64729
-78711 34046
42110 -12776
45022 -33811
-46568 -1765
-64520 -91494
33490 -29739
-32019 21490
145 -26952
90360 -23310
20836 -54713
98215 16793
-84178 -17292
-36347 -23052
18744 -72556
5992 29788
63225 -31401
-37351 70508
-35875 97818
-24449 15454
-47324 -45538
-69673 -63256
67276 -33765
-31410 -23603
-96866 -49668
-94628 74094
97089 -74210
47809 -9107
-62945 4495
18223 -40598
-76430 -31927
47444 -74012
92243 5692
-54720 -35109
-92389 -2528
-42636 2327
97496 -25095
-75986 -33626
-85040 61471
49517 49587
-85883 87256
-26186 -31589
-77928 31897
32699 37434
20789 71755
33452 59630
-20406 -83851
-8116 84602
7017 -95661
-55499 -38416
-79046 -96301
-31214 5661
92968 3045
76597 22183
-98224 -18565
-24067 -24416
54977 68636
-54716 -63687
94259 -20968
-96084 -39655
72992 7845
44101 -64145
64019 -2266
-77268 81347
83021 -60589
59356 -89379
16969 -12067
28632 -89582
18470 68153
-24557 19027
55300 -89485
35658 -60646
-4178 -42132
-95348 10958
70864 -44430
90343 -72015
-99578 84156
-11409 13109
-40403 -67070
41641 -4767
-19688 95250
39162 62364
22078 -34688
58615 -32956
-59996 -65134
17843 -73895
-96412 -15111
5044 62476
72187 4747
40033 6151
-6919 11774
-89517 27450
-50932 31371
-89802 32813
99341 -84477
50820 -14461
-73489 80210
-61286 60050
-28647 73293
17276 -69491
-747 37608
-29047 35997
37727 64237
-75603 15533
-20889 26114
40921 54849
-7104 -64510
-97849 68538
84767 -88289
13296 90707
-44886 -74199
-32298 -75519
-15955 -67697
99594 -76622
-53826 44994
-8878 98894
87471 9524
-93102 55473
-59180 -25515
89723 -15169
6974 -5336
-46299 -26773
-25399 95971
92642 91021
78058 -29824
75283 -40358
-40003 26569
75395 -26549
-30095 -53528
-48048 5423
64643 -98981
-30641 34117
-65009 42027
67378 83372
-71409 -53323
27718 10281
-78012 -71535
-16267 60449
72100 94475
49879 -11926
-60340 -91428
-54681 75998
69711 -68520
38897 -39098
34129 33447
-14432 94347
-77468 -15701
20188 5954
-74695 19584
-61765 32574
-71408 -90730
62429 31381
42458 -34999
-62347 -68468
-57165 -85055
1350 -24571
-3407 63877
-34238 56070
55699 -6639
64405 -96490
-96870 6476
-50757 -4856
61109 33370
-12252 37688
8277 77778
35144 -47484
56239 -82695
-40519 -69610
-53857 13938
-66461 4709
93826 7364
-81934 19183
-67904 -89862
-2246 -41345
-81463 64117
50255 31943
55178 -65276
29443 22116
60026 -32716
70271 -90913
77252 -35
23255 -34943
-20200 -51166
19189 -20713
4395 -64628
9926 -58239
-40179 -40305
-90316 -4235
-11591 30059
-36952 50970
-64384 -70907
19151 44159
-72478 -96799
-2663 21515
-12139 37365
-29636 78859
43666 -75548
27457 -6139
84109 53008
-60617 83261
-9052 -81534
54259 83164
-45809 8493
-27878 -4517
-74960 -66322
-66294 -70034
-95765 -80699
73471 48159
80813 79095
-62466 -23401
51497 97674
91426 67030
65008 31067
-1906 -64631
32238 15822
11655 35401
-9324 -20214
-39979 -82851
-25166 35986
-10032 19028
31078 -98146
-3526 -45817
3659 -59603
74623 24365
-49020 79298
13047 -94986
15473 62784
-68236 -6727
-72960 87229
-81844 23123
-89602 -63247
63244 9217
22022 -1696
39290 24448
59279 56321
-26676 -55173
-10873 18505
45520 49643
1200 37243
-36630 24610
56444 73729
84388 52940
-97225 6641
-80073 27892
-51978 66747
90109 -12395
17829 66844
8630 -5675
-61391 87257
32160 -94646
1106 -49826
65085 -5342
5973 -31780
15886 96967
-82737 -17879
92073 -10204
23858 -6455
66679 -63331
-47635 -89696
6441 -84619
-21624 -88602
-23574 92531
66212 85719
26997 22283
-90125 -48805
11033 13942
-94917 -41985
-76497 6269
-91356 -10271
-53034 34555
90755 -77040
10628 65901
74674 312
63746 -75716
-99835 -28040
-58041 -71695
-19185 16778
26978 -10292
73748 72554
28446 20253
41222 93603
87091 66067
71087 -21870
-15287 -34157
-29959 -39591
-71975 62635
63337 71886
-75374 -44584
769 10524
-82143 -34100
-78027 2713
22118 37915
-90765 -17272
-66873 -11696
31037 33795
32521 -63911
61283 26712
93332 97151
-64132 44560
94814 -3457
-84402 -2098
54242 39755
-56065 -20676
-35033 8929
-7848 -28439
88939 -36776
54696 -37455
-1720 -61491
-28515 -50824
56832 -11641
-54997 96409
34806 36246
27888 91935
-98648 -63375
78553 -72526
-80452 56208
15710 21314
-49699 24070
48471 82362
-6021 29911
-82239 24198
96151 -40525
44856 -30703
-18608 -1263
-71568 54823
25666 86691
87728 6455
-48460 -80811
63096 -82005
-88134 -48000
-22028 -71658
30375 -35322
-47987 -67270
47514 -66618
-87756 74209
-9962 -10878
55197 -73080
-29403 20804
-99743 -24670
91390 -41409
10542 2614
-91808 -76271
1807 -67144
68480 -90746
-30227 -68888
60974 30475
70496 -58021
-48061 89419
93822 31473
-92538 12125
21783 -51990
-13507 -45777
-35215 -63456
-68506 60807
-64143 30735
-81069 -12234
-73396 53275
41458 75357
-79851 6646
62870 -80843
-35751 38259
63608 81131
-86766 59562
18625 13218
74981 -18822
26981 -31216
-32133 -20736
36808 -37468
-83880 53969
58944 -34738
-98639 -92328
73397 39038
-87820 -26792
3870 -82779
520 -23419
69269 -12824
68602 88305
-52124 83523
-15599 5361
-59012 5222
17918 18276
85826 54678
-96247 50147
-80102 47340
-83534 -21075
59237 -33821
47701 -2392
-82205 -43423
64862 -75430
68951 40026
-44309 1404
-87303 -1600
11908 -60195
181 -20438
-68612 53284
78130 10758
12981 -46278
47343 -16916
-78154 -81282
35284 -37967
-46691 56530
-99246 -78406
17344 3090
39474 -29006
70509 91299
-81339 -40169
36410 961
-50470 -83486
5579 -12575
-57230 63948
-50035 40336
15951 -36818
795 -51522
53198 -6021
50264 34711
-65270 46143
-10715 6917
-13284 -839
650 91102
81056 -91182
330 -70813
9052 -59911
34623 18299
74347 -87981
-95809 30829
77505 34420
75948 71336
-87933 12973
-59422 37571
20799 -31135
49891 -54505
20730 -64202
56568 -27483
70545 -70508
-85755 50369
15863 14477
6369 -66049
-36382 -79222
-68717 -24138
28559 82496
-25870 41178
-10212 -80566
57205 309
70195 17949
-5150 73742
-41418 63078
-29698 12190
-41074 -45165
8457 -26746
-16480 -37895
47753 44854
97774 -46178
-85034 -36972
-71949 41996
7718 91288
-18310 64716
-90988 38303
94735 -91287
55707 1295
-21408 -43741
2322 -47404
34642 -59498
-8213 52784
-55826 94179
75024 -91217
12321 58028
92341 -33546
-65258 29275
43404 -64034
-95532 -5823
-27742 -71801
-89769 3562
-7948 -6135
54066 31999
17455 -49787
-873 -92839
94662 -72739
59783 -4843
-89788 57271
62034 -37819
-81147 -66128
66971 -1065
-21034 23662
72374 42558
3560 -34541
-34691 19741
-3174 84414
84000 -25878
-57635 -68921
48450 97921
98718 12174
-23276 24811
9655 5159
63366 65079
6670 39585
19063 86132
-26069 42286
-24677 -61614
-38773 11295
-75405 68390
21490 -88492
-71561 -48005
84904 79386
10335 -89753
-56740 -14340
-47209 79132
-91179 64113
-36537 6679
57147 -57840
89279 73807
60295 -92705
-64113 63974
46396 -20824
-54191 54539
9090 45614
-87105 31069
-93516 80060
-23569 87209
-16265 -75272
39907 30268
94824 53118
21819 -78990
-13206 39930
77311 9818
-21177 68644
-18762 -80933
22016 -49212
-91906 14195
75620 -35535
5599 5728
33576 55795
1156 -2354
-27235 21722
72648 -71240
-12318 -23747
-77057 32419
2253 -40989
78982 -92823
-14525 -85123
-22820 -93534
1864 35991
-24284 40446
-35624 93827
-90947 55696
71966 62235
-88411 -80730
19129 -65821
96692 -60972
-48039 -75827
48245 65071
67282 48550
-77865 -97431
45700 48818
16814 -36996
-28195 -99083
-71281 60743
87284 -867
-96137 97584
-19921 60710
-66731 -21063
12668 -83048
-43206 25446
-35336 -96327
-86711 -31926
-37681 39953
55215 -38698
-33369 12108
-60817 53314
13855 -26854
94745 15557
-22987 46048
-16110 71049
33515 -49155
-68015 -80004
-69685 99107
58949 -8749
90903 -30693
-47598 50330
-8244 -3311
37905 42026
35528 -51260
-99315 31851
-54299 67416
-5889 -24824
-40051 -49451
-16272 -93068
65964 17711
-98076 66620
33061 -14255
91930 -86182
71688 93293
-62242 -36789
81003 -36037
-29601 97324
-40295 -11147
-38443 -82834
35241 -47282
80028 -71728
45362 52039
25347 66099
56734 56808
60047 79766
15378 52017
25287 -26808
-32618 -14218
-82732 -93989
4758 24086
70338 42235
-89018 37474
50847 81738
-2983 -3213
-84530 71095
88991 -33438
-28310 13245
37682 73652
-78743 81022
60397 -74169
-42916 -85121
-66754 -42009
47833 -71014
38676 97206
29941 73923
-28415 -44454
12408 -88846
-17620 -62207
-82710 -92112
-98809 43609
-30919 -40054
41337 88952
90775 -51184
-19674 -87959
35509 -6270
-35476 -63754
-54387 -21074
-32998 55458
8989 52990
89640 21861
-56939 -190
66845 -58453
-490 33445
54153 -39464
-69135 -111
56361 -86632
79830 -83212
56750 97137
-26459 -55707
-32784 -984
48659 26634
-38303 -63790
9398 -64662
-90068 -66519
44151 26921
28803 -35701
-81753 -20671
547 69270
-6899 -210
-10559 -42671
-5338 -80210
81176 -64380
37368 -48844
-43585 -71175
22176 -30135
-18083 -35305
-14226 -9376
73202 16426
-61887 30634
32149 -35829
23513 20672
16384 3943
71085 -7938
95120 500
16240 87479
4036 73751
54852 -90114
-95646 28868
45458 -73924
-1158 -41758
78922 81106
11305 -25714
-54996 -35892
78524 27623
6127 84120
31156 62466
67640 -74731
33816 73990
3406 -22768
-35465 -54694
-43965 55915
12585 34696
65829 8165
9843 -24112
-13731 -55667
70968 -87963
-68208 -26093
-14751 42406
-90634 -57902
-41061 6977
13537 -32503
94373 32119
-43678 41569
-93889 29582
-23930 -69636
-74538 -31775
61541 -46465
-97794 -76993
-31479 76609
8456 36839
54264 2636
-58646 -38206
-86848 19119
30673 -6268
40020 91409
64623 -38692
-81707 57558
31768 88538
61541 80465
-21627 -75741
2053 80260
99818 -44095
-81129 2743
-49504 78257
-28299 -37759
-26116 -67244
33641 22099
52712 -89099
-73858 32578
18967 37203
-89105 12378
89561 -15340
-34260 64153
-50069 -96018
21766 -86332
-38535 -11944
-1764 -15803
-65215 74003
2817 85448
-57077 10409
-31377 52416
-77969 -22222
17524 31867
27667 -3807
-95155 20867
62395 -71037
-38502 41169
-86637 89675
90698 15158
90165 -45283
-47189 -53487
-43510 -41968
-99224 85828
34520 -50556
-12686 78708
8083 -59306
-10345 -91443
-31420 -41521
-9653 11783
67135 33872
-63514 53737
99136 -99101
-48728 -67498
-73443 57066
-29167 -54890
83304 87659
95282 88206
-42402 -77891
-4074 63998
-22999 31696
97346 -21777
-91121 -73863
-87216 21700
39307 -47060
-27411 54884
-673 -21085
48023 -43708
-81770 -927
-52624 -44409
-93241 68274
59271 77454
78611 -57796
95403 20423
-54589 1449
50959 -53530
62553 26348
-65219 -64562
36526 58263
44858 72999
88114 29572
-6806 73617
-15523 15948
45782 4389
-60364 38990
69975 58524
74733 -59666
57239 8727
72425 -80108
-388 66674
-69266 -7640
-23711 -62142
1980 -73882
92331 72979
-55867 12584
19766 -40034
54215 -25623
-32524 -22813
-24921 85654
-7024 -37338
-3578 -8986
-19214 6421
31473 92435
-28263 22218
69108 26053
-36987 16633
-41349 78183
42265 -4246
-46718 -44665
-28364 -41642
23616 72802
-39745 27052
-80777 10008
-95691 355
72858 -19949
-66353 86771
26915 -63051
-29748 39720
-88427 69867
6384 9545
54380 -29887
-96130 18079
-50430 -96868
-98685 76031
32111 71722
-76096 -80257
14017 -65383
39046 23619
-69242 53734
-12803 -78536
88125 71381
49359 -10943
-7594 -23758
89717 -78298
7931 -97455
-15820 -16585
48951 62090
3978 -46497
68931 42175
-22518 -83909
8693 -71723
68244 -98864
-43854 -86097
-27247 -7703
-2097 46632
8961 -42161
-17330 -15081
21419 82999
20753 14813
-74327 73327
-86586 79612
-31900 29566
-12459 40489
-29208 51927
30639 -14458
54688 -11418
-23748 -28894
12771 59848
-96863 48223
-67090 -21498
-96511 -2581
23799 61298
-6417 -73659
-99256 -35969
-59330 20979
32749 -45882
16502 4154
-97324 29080
60177 -61323
13594 15657
43111 20825
61658 -87640
91944 -79621
81587 -88437
72148 61571
79861 72529
-18097 47171
69837 15994
-44187 6801
-64018 -38800
39744 -93240
11256 -90340
52792 570
72080 72097
-31571 83690
99670 64459
-65371 17252
35390 -17337
35761 11438
69354 -26796
-55246 89180
-8117 -20901
41117 60219
72214 69330
34316 -13319
-26733 -46625
-97306 -47606
75912 36350
-90432 51997
-40433 -8626
-51701 -90511
43134 88458
61900 -84599
37900 64650
-88220 -12826
80233 44375
37447 62778
-83554 50564
14877 -67843
-31457 92573
28355 -97251
-62220 81747
10423 46294
61764 82234
41340 99040
-26906 83764
-48130 -22021
-75095 -64736
-53954 3425
17198 25715
-77681 -92436
57550 -52858
6448 28891
15927 -60084
-64052 -74652
-78528 77411
-16546 -33006
63018 -54451
71709 61386
-21966 -84394
-46364 55665
-76691 -87260
-85921 96468
-7496 -40533
37873 81181
4517 -88548
14959 42827
70253 20791
-54801 90637
-24701 81531
-69633 21848
46286 15992
77567 -4317
310 84876
14961 79355
-36445 -15340
-74610 1592
-27921 -33347
84254 44810
-66937 9979
-63613 -43540
2043 -45234
20830 -89981
-37549 40627
-3260 -57773
-99650 81071
-13913 -3497
85239 31788
-90621 7317
-64828 18395
-3842 7628
44506 58517
17626 -80143
86062 -86633
-29253 3600
36536 388
57573 65319
45144 73906
-80195 -8480
95161 67548
-66769 59682
-11865 -27267
79004 -17517
98573 28886
16353 40291
-42726 -23063
9638 14668
-86179 28758
11953 43525
37139 973
-76043 -50916
-30121 93140
5690 -38
-76503 20768
51359 -88668
11982 17858
12155 -32376
-14837 36475
-80508 -28227
79513 -64857
-78717 -42825
-2986 30456
-53675 -40401
90750 -57095
51497 -83615
-38047 -23720
54381 -5813
43590 84147
-10197 -5005
67042 -20958
-41015 -22195
77527 5021
-71692 39415
64781 -57987
-70496 -22655
9265 -59820
64011 1995
-20311 66781
52070 39422
46814 -53909
9211 80591
69270 34973
49378 -64298
63477 -82032
24033 1016
-53328 24497
4730 471
76157 43478
-20352 91993
2148 6910
-5182 48736
-86599 -25848
7119 -78227
12268 -47615
-85503 76808
-67923 50381
48180 20951
69830 -21607
8534 -57446
55642 92605
75938 46813
17980 28488
-69327 84767
35449 -36460
25838 36210
-12867 60076
-62727 -60096
51272 60474
67190 -4883
-72147 27604
23434 11091
-96530 47224
-31062 -3710
76317 83778
30640 -2237
-65057 -62906
-63650 9543
30971 48005
-69244 -15087
-56521 22351
-13676 -51272
26547 -21713
-10326 -28000
13107 8276
69678 -90644
11203 -86583
-85300 -71962
-30829 -35154
43342 70755
-40451 34382
-91550 51670
32900 -71926
1266 -49961
23726 27730
8932 -96733
29718 -17723
-48362 5502
-58720 -25295
84544 25183
-42450 96938
83182 -31959
-85901 21283
86560 -78474
-77607 -91688
-59629 -33876
-95338 -40000
-74637 9096
13900 34653
15827 -1528
77020 -60366
48274 85377
99343 66411
-20363 -71075
61778 9197
86757 94465
-19699 -81841
13205 -37390
51199 40409
37571 -88384
-58487 -20260
-72355 15413
-12641 -57192
98605 -30283
-43087 42542
91601 6627
58877 -13928
48162 -82085
-51337 97805
-31303 -52312
-58355 57634
-40253 13196
-78446 -54095
85822 86502
46795 62753
57896 73491
97082 4211
-43042 -2721
-88011 -67139
-1982 56535
67805 -90080
72012 -80764
17596 -19870
-64413 94229
-30004 -4711
-86053 53394
-28289 -10118
69970 -16121
-80008 14449
-6142 -58547
-43015 -87897
22921 -5840
84645 -81891
9545 -45334
-70887 -49117
-94074 -84198
-213 12162
-20118 -68275
85622 -59489
95599 41424
-89682 91593
16505 -48495
48806 -95498
1779 7199
34241 73079
-22713 -2461
39002 -43435
-451 55702
-13002 -22149
-65410 -514
70585 80921
65116 -80887
-10637 98144
-46394 59548
-90001 38245
-1744 79481
18849 52434
-68866 -34609
-4403 -28585
45354 80143
16330 -97655
20425 -43966
73596 8386
-23200 -56778
-87387 24179
44726 7770
-94080 -3887
70839 -70604
-73523 -2609
62141 50661
50895 42230
-2801 95996
-25177 -2195
78689 86568
-74570 -65843
-39895 -84417
32497 -45553
83156 68239
-39504 9082
-54483 80977
21344 -89616
46935 -14180
93518 90485
73560 -77264
81594 -98262
-61086 98206
9273 94692
-70752 74099
5146 24429
81210 -24210
29697 -9768
-82208 78455
-35926 29143
75273 51473
12956 -97400
68900 17395
-48127 81164
-70683 40510
95295 -88621
-97523 -15663
24245 55952
-95027 -76309
95243 -38102
6309 37804
-74802 -90943
-36908 36067
27871 69727
-48721 -68889
92592 68480
-78255 -35625
-84788 -77913
9779 78994
-67163 21519
46332 28109
65375 -11263
78804 -6234
21951 -3127
51544 73744
-14741 94100
83211 -97825
-77167 -62532
26274 3899
39507 -67167
89524 -17854
29884 98205
47918 -73186
89634 38101
-30875 2157
-53828 -74022
90854 -26276
15566 78200
72428 36461
-69747 69325
-85885 -69003
-81818 -22465
45852 98491
85269 -80431
-58459 77743
-4187 -94120
-60513 -99997
31995 -35814
98224 67170
40819 51989
4132 83849
-72252 -50613
27571 -40720
-96755 9487
-13391 -55367
-34960 89813
-26354 70181
-81282 58526
-36037 -47651
-47648 49426
